23F(p,2p)22O    1f2.5   Relativitic, T_inc =260
1         2         2         2         2         0         0         0        
2.5       0.        1.        0.1       70.       32.       20.       20.    
1.        1.        3.        2.5
23.       9.        1.0076    1.        260       60.       3.
                                                  1.25      -1.       0.    
                                                                      EDAD1
22.       8.        1.0076    1.        0.        40.       3.
                                                  1.25      -1.       0.    
                                                                      EDAD1
                    1.0076    1.        0.        40.       3.
                                                  1.25      -1.       0.    
                                                                      EDAD1
          0.        1.        0.        10.       0.        0.        12.    
1.1747    1.1747    0.55      0.55      0.        1.25      -1.       0.    
0.
123.614   42.143    0         
0.
