!Ogata ffP22O20BM.dat
!number of kinetic energy = 8
!nstep = 134
!step =   0.100000
!r origin =    0.000000E+00
8 134     0.100000   0.000000
 20.000000
(-5.7349773E+01, -1.0544970E+01) (-4.6426378E-01, -3.0007667E-02) 4.9322091E+00
(-5.7249815E+01, -1.0483296E+01) (-4.7432806E-01, -3.0572373E-02) 4.9335496E+00
(-5.6937029E+01, -1.0304426E+01) (-4.8439234E-01, -3.1137080E-02) 4.9322091E+00
(-5.6402450E+01, -1.0031364E+01) (-4.9818941E-01, -3.1950603E-02) 4.9281876E+00
(-5.5706603E+01, -9.7287815E+00) (-5.1704633E-01, -3.3071747E-02) 4.9214850E+00
(-5.4914342E+01, -9.4407779E+00) (-5.4145565E-01, -3.4524243E-02) 4.9121014E+00
(-5.4033449E+01, -9.1183223E+00) (-5.7181323E-01, -3.6327896E-02) 4.9000369E+00
(-5.3102618E+01, -8.7753020E+00) (-6.0852236E-01, -3.8502882E-02) 4.8852913E+00
(-5.2170497E+01, -8.4744352E+00) (-6.5200744E-01, -4.1069992E-02) 4.8678646E+00
(-5.1240316E+01, -8.2118490E+00) (-7.0270164E-01, -4.4049636E-02) 4.8477570E+00
(-5.0293625E+01, -7.9581333E+00) (-7.6101964E-01, -4.7460073E-02) 4.8249684E+00
(-4.9295044E+01, -7.6972937E+00) (-8.2731635E-01, -5.1314934E-02) 4.7994987E+00
(-4.8269438E+01, -7.4344411E+00) (-9.0183034E-01, -5.5620006E-02) 4.7713480E+00
(-4.7269224E+01, -7.1896170E+00) (-9.8461010E-01, -6.0369272E-02) 4.7405163E+00
(-4.6303585E+01, -6.9677354E+00) (-1.0754223E+00, -6.5540336E-02) 4.7070036E+00
(-4.5358134E+01, -6.7667865E+00) (-1.1736437E+00, -7.1089488E-02) 4.6708098E+00
(-4.4433155E+01, -6.5860807E+00) (-1.2781413E+00, -7.6946967E-02) 4.6319350E+00
(-4.3545718E+01, -6.4293500E+00) (-1.3871525E+00, -8.3013246E-02) 4.5903793E+00
(-4.2690773E+01, -6.2980360E+00) (-1.4981823E+00, -8.9157490E-02) 4.5461425E+00
(-4.1881903E+01, -6.1850911E+00) (-1.6079439E+00, -9.5219521E-02) 4.4992246E+00
(-4.1105640E+01, -6.0842111E+00) (-1.7123733E+00, -1.0101653E-01) 4.4496258E+00
(-4.0315314E+01, -5.9898023E+00) (-1.8067527E+00, -1.0635529E-01) 4.3973460E+00
(-3.9451473E+01, -5.9154973E+00) (-1.8859666E+00, -1.1104950E-01) 4.3423851E+00
(-3.8515016E+01, -5.8546037E+00) (-1.9448967E+00, -1.1494047E-01) 4.2847432E+00
(-3.7458113E+01, -5.7829960E+00) (-1.9789321E+00, -1.1791745E-01) 4.2244203E+00
(-3.6230634E+01, -5.6610792E+00) (-1.9845297E+00, -1.1993312E-01) 4.1614164E+00
(-3.4915263E+01, -5.5370603E+00) (-1.9597292E+00, -1.2100920E-01) 4.0957314E+00
(-3.3628728E+01, -5.5098598E+00) (-1.9045153E+00, -1.2122920E-01) 4.0273654E+00
(-3.2443217E+01, -5.6781044E+00) (-1.8209308E+00, -1.2071799E-01) 3.9563185E+00
(-3.1206891E+01, -6.0091589E+00) (-1.7129018E+00, -1.1961137E-01) 3.8825905E+00
(-2.9776215E+01, -6.2002572E+00) (-1.5857946E+00, -1.1802227E-01) 3.8061814E+00
(-2.8331095E+01, -6.2459801E+00) (-1.4457957E+00, -1.1601136E-01) 3.7270914E+00
(-2.6969437E+01, -6.2062165E+00) (-1.2992376E+00, -1.1357002E-01) 3.6453204E+00
(-2.5702902E+01, -6.1057430E+00) (-1.1519941E+00, -1.1062085E-01) 3.5608683E+00
(-2.4647948E+01, -5.9201783E+00) (-1.0090359E+00, -1.0703751E-01) 3.4737352E+00
(-2.3832749E+01, -5.7900940E+00) (-8.7419441E-01, -1.0268075E-01) 3.3839211E+00
(-2.2941759E+01, -5.7649984E+00) (-7.5001132E-01, -9.7440989E-02) 3.2914260E+00
(-2.1758722E+01, -5.7924900E+00) (-6.3790872E-01, -9.1280733E-02) 3.2000000E+00
(-2.0257890E+01, -5.8150182E+00) (-5.3853984E-01, -8.4262000E-02) 3.1135135E+00
(-1.8530035E+01, -5.7956678E+00) (-4.5181497E-01, -7.6546845E-02) 3.0315789E+00
(-1.6697924E+01, -5.7185596E+00) (-3.7705141E-01, -6.8378346E-02) 2.9538462E+00
(-1.4866091E+01, -5.5821710E+00) (-3.1326592E-01, -6.0046468E-02) 2.8800000E+00
(-1.3110342E+01, -5.3924318E+00) (-2.5931584E-01, -5.1846441E-02) 2.8097561E+00
(-1.1475987E+01, -5.1578444E+00) (-2.1401149E-01, -4.4041655E-02) 2.7428571E+00
(-9.9844677E+00, -4.8885473E+00) (-1.7619277E-01, -3.6837988E-02) 2.6790698E+00
(-8.6405542E+00, -4.5945695E+00) (-1.4477693E-01, -3.0372057E-02) 2.6181818E+00
(-7.4429728E+00, -4.2835650E+00) (-1.1878428E-01, -2.4711912E-02) 2.5600000E+00
(-6.3818606E+00, -3.9641448E+00) (-9.7348673E-02, -1.9866481E-02) 2.5043478E+00
(-5.4464161E+00, -3.6426763E+00) (-7.9717652E-02, -1.5799554E-02) 2.4510638E+00
(-4.6261621E+00, -3.3244689E+00) (-6.5246425E-02, -1.2444735E-02) 2.4000000E+00
(-3.9085128E+00, -3.0149459E+00) (-5.3388380E-02, -9.7189337E-03) 2.3510204E+00
(-3.2842345E+00, -2.7170509E+00) (-4.3684084E-02, -7.5331508E-03) 2.3040000E+00
(-2.7426186E+00, -2.4344236E+00) (-3.5750016E-02, -5.8002053E-03) 2.2588235E+00
(-2.2751706E+00, -2.1689857E+00) (-2.9267777E-02, -4.4396408E-03) 2.2153846E+00
(-1.8746035E+00, -1.9217763E+00) (-2.3974190E-02, -3.3803458E-03) 2.1735849E+00
(-1.5313828E+00, -1.6946338E+00) (-1.9652488E-02, -2.5614960E-03) 2.1333333E+00
(-1.2410782E+00, -1.4865799E+00) (-1.6124625E-02, -1.9323820E-03) 2.0945455E+00
(-9.9644651E-01, -1.2981337E+00) (-1.3244686E-02, -1.4515812E-03) 2.0571429E+00
(-7.9095595E-01, -1.1290239E+00) (-1.0893294E-02, -1.0858061E-03) 2.0210526E+00
(-6.2071380E-01, -9.7761729E-01) (-8.9729164E-03, -8.0865973E-04) 1.9862069E+00
(-4.8070039E-01, -8.4314172E-01) (-7.4039470E-03, -5.9943224E-04) 1.9525424E+00
(-3.6583621E-01, -7.2477376E-01) (-6.1214627E-03, -4.4201707E-04) 1.9200000E+00
(-2.7246302E-01, -6.2105297E-01) (-5.0725436E-03, -3.2397582E-04) 1.8885246E+00
(-1.9790374E-01, -5.3031107E-01) (-4.2140694E-03, -2.3575775E-04) 1.8580645E+00
(-1.3890408E-01, -4.5147035E-01) (-3.5109132E-03, -1.7006342E-04) 1.8285714E+00
(-9.2504008E-02, -3.8342063E-01) (-2.9344622E-03, -1.2133499E-04) 1.8000000E+00
(-5.6443055E-02, -3.2493189E-01) (-2.4614103E-03, -8.5353854E-05) 1.7723077E+00
(-2.8897460E-02, -2.7479918E-01) (-2.0727721E-03, -5.8926129E-05) 1.7454545E+00
(-8.4881057E-03, -2.3187639E-01) (-1.7530799E-03, -3.9639121E-05) 1.7194030E+00
(6.2242209E-03, -1.9528337E-01) (-1.4897291E-03, -2.5673814E-05) 1.6941176E+00
(1.6547207E-02, -1.6424726E-01) (-1.2724458E-03, -1.5661310E-05) 1.6695652E+00
(2.3467887E-02, -1.3800649E-01) (-1.0928531E-03, -8.5733213E-06) 1.6457143E+00
(2.7763287E-02, -1.1587056E-01) (-9.4411903E-04, -3.6389031E-06) 1.6225352E+00
(3.0056059E-02, -9.7233849E-02) (-8.2066894E-04, -2.8126963E-07) 1.6000000E+00
(3.0845672E-02, -8.1570347E-02) (-7.1795266E-04, 1.9300543E-06) 1.5780822E+00
(3.0511331E-02, -6.8415097E-02) (-6.3225448E-04, 3.3154262E-06) 1.5567568E+00
(2.9354867E-02, -5.7372288E-02) (-5.6053867E-04, 4.1124336E-06) 1.5360000E+00
(2.7676622E-02, -4.8132398E-02) (-5.0032384E-04, 4.4965395E-06) 1.5157895E+00
(2.5694483E-02, -4.0413969E-02) (-4.4958055E-04, 4.5966585E-06) 1.4961039E+00
(2.3559263E-02, -3.3969702E-02) (-4.0664809E-04, 4.5068976E-06) 1.4769231E+00
(2.1379583E-02, -2.8587916E-02) (-3.7016661E-04, 4.2954022E-06) 1.4582278E+00
(1.9229124E-02, -2.4091875E-02) (-3.3902189E-04, 4.0110114E-06) 1.4400000E+00
(1.7159935E-02, -2.0333135E-02) (-3.1230027E-04, 3.6882630E-06) 1.4222222E+00
(1.5207676E-02, -1.7187928E-02) (-2.8925201E-04, 3.3511497E-06) 1.4048780E+00
(1.3395526E-02, -1.4552739E-02) (-2.6926133E-04, 3.0159345E-06) 1.3879518E+00
(1.1734960E-02, -1.2342039E-02) (-2.5182202E-04, 2.6932558E-06) 1.3714286E+00
(1.0230657E-02, -1.0484423E-02) (-2.3651753E-04, 2.3896968E-06) 1.3552941E+00
(8.8809403E-03, -8.9209922E-03) (-2.2300468E-04, 2.1089526E-06) 1.3395349E+00
(7.6797266E-03, -7.6026003E-03) (-2.1100041E-04, 1.8526929E-06) 1.3241379E+00
(6.6164562E-03, -6.4873576E-03) (-2.0027096E-04, 1.6211978E-06) 1.3090909E+00
(5.6819334E-03, -5.5426275E-03) (-1.9062295E-04, 1.4138219E-06) 1.2943820E+00
(4.8668475E-03, -4.7417893E-03) (-1.8189620E-04, 1.2293314E-06) 1.2800000E+00
(4.1601091E-03, -4.0617456E-03) (-1.7395775E-04, 1.0661453E-06) 1.2659341E+00
(3.5503906E-03, -3.4830121E-03) (-1.6669704E-04, 9.2250644E-07) 1.2521739E+00
(3.0262335E-03, -2.9895304E-03) (-1.6002193E-04, 7.9660004E-07) 1.2387097E+00
(2.5766340E-03, -2.5681205E-03) (-1.5385544E-04, 6.8663367E-07) 1.2255319E+00
(2.1918689E-03, -2.2077654E-03) (-1.4813312E-04, 5.9088960E-07) 1.2126316E+00
(1.8633077E-03, -1.8992211E-03) (-1.4280081E-04, 5.0775667E-07) 1.2000000E+00
(1.5835146E-03, -1.6346583E-03) (-1.3781289E-04, 4.3574796E-07) 1.1876289E+00
(1.3455498E-03, -1.4076229E-03) (-1.3313080E-04, 3.7350824E-07) 1.1755102E+00
(1.1432920E-03, -1.2126674E-03) (-1.2872181E-04, 3.1981461E-07) 1.1636364E+00
(9.7148029E-04, -1.0451672E-03) (-1.2455807E-04, 2.7357241E-07) 1.1520000E+00
(8.2559328E-04, -9.0118837E-04) (-1.2061572E-04, 2.3380838E-07) 1.1405941E+00
(7.0177221E-04, -7.7737374E-04) (-1.1687429E-04, 1.9966199E-07) 1.1294118E+00
(5.9671248E-04, -6.7085600E-04) (-1.1331612E-04, 1.7037604E-07) 1.1184466E+00
(5.0761921E-04, -5.7917305E-04) (-1.0992587E-04, 1.4528696E-07) 1.1076923E+00
(4.3213387E-04, -5.0020394E-04) (-1.0669018E-04, 1.2381529E-07) 1.0971429E+00
(3.6815341E-04, -4.3215890E-04) (-1.0359737E-04, 1.0545655E-07) 1.0867925E+00
(3.1387656E-04, -3.7351260E-04) (-1.0063713E-04, 8.9772756E-08) 1.0766355E+00
(2.6780506E-04, -3.2294847E-04) (-9.7800330E-05, 7.6384547E-08) 1.0666667E+00
(2.2866639E-04, -2.7933860E-04) (-9.5078868E-05, 6.4964041E-08) 1.0568807E+00
(1.9538878E-04, -2.4171497E-04) (-9.2465483E-05, 5.5228377E-08) 1.0472727E+00
(1.6708038E-04, -2.0924009E-04) (-8.9953653E-05, 4.6933952E-08) 1.0378378E+00
(1.4297556E-04, -1.8120139E-04) (-8.7537484E-05, 3.9871289E-08) 1.0285714E+00
(1.2243345E-04, -1.5698400E-04) (-8.5211628E-05, 3.3860502E-08) 1.0194690E+00
(1.0490887E-04, -1.3606150E-04) (-8.2971209E-05, 2.8747309E-08) 1.0105263E+00
(8.9953915E-05, -1.1797504E-04) (-8.0811762E-05, 2.4399537E-08) 1.0017391E+00
(7.7185167E-05, -1.0233280E-04) (-7.8729184E-05, 2.0704065E-08) 9.9310345E-01
(6.6274320E-05, -8.8799701E-05) (-7.6719686E-05, 1.7564176E-08) 9.8461538E-01
(5.6947112E-05, -7.7085700E-05) (-7.4779761E-05, 1.4897238E-08) 9.7627119E-01
(4.8969682E-05, -6.6941163E-05) (-7.2906150E-05, 1.2632718E-08) 9.6806723E-01
(4.2140100E-05, -5.8152426E-05) (-7.1095819E-05, 1.0710447E-08) 9.6000000E-01
(3.6287715E-05, -5.0535425E-05) (-6.9345930E-05, 9.0791310E-09) 9.5206612E-01
(3.1268261E-05, -4.3931411E-05) (-6.7653826E-05, 7.6950709E-09) 9.4426230E-01
(2.6961019E-05, -3.8202762E-05) (-6.6017012E-05, 6.5210564E-09) 9.3658537E-01
(2.3260744E-05, -3.3232180E-05) (-6.4433142E-05, 5.5254192E-09) 9.2903226E-01
(2.0079831E-05, -2.8917478E-05) (-6.2900004E-05, 4.6812202E-09) 9.2160000E-01
(1.7343147E-05, -2.5170940E-05) (-6.1415510E-05, 3.9655532E-09) 9.1428571E-01
(1.4987023E-05, -2.1916378E-05) (-5.9977685E-05, 3.3589486E-09) 9.0708661E-01
(1.2957381E-05, -1.9088186E-05) (-5.8584660E-05, 2.8448642E-09) 9.0000000E-01
(1.1207307E-05, -1.6629671E-05) (-5.7234661E-05, 2.4092497E-09) 8.9302326E-01
(9.6975751E-06, -1.4491657E-05) (-5.5926005E-05, 2.0401750E-09) 8.8615385E-01
(8.3943692E-06, -1.2631605E-05) (-5.4657096E-05, 1.7276089E-09) 8.7938931E-01
(7.2684946E-06, -1.1012846E-05) (-5.3426401E-05, 1.4624674E-09) 8.7272727E-01
 50.000000
(-4.7688692E+01, -1.2601793E+01) (-4.3203396E-01, 6.3383610E-03) 4.9322091E+00
(-4.7615554E+01, -1.2545757E+01) (-4.4131757E-01, 6.4588893E-03) 4.9335496E+00
(-4.7395795E+01, -1.2382554E+01) (-4.5060118E-01, 6.5794176E-03) 4.9322091E+00
(-4.7029799E+01, -1.2131218E+01) (-4.6328210E-01, 6.7598028E-03) 4.9281876E+00
(-4.6518007E+01, -1.1844466E+01) (-4.8059614E-01, 7.0105398E-03) 4.9214850E+00
(-4.5871295E+01, -1.1557335E+01) (-5.0299368E-01, 7.3368161E-03) 4.9121014E+00
(-4.5124775E+01, -1.1229747E+01) (-5.3083163E-01, 7.7435055E-03) 4.9000369E+00
(-4.4293279E+01, -1.0870909E+01) (-5.6447087E-01, 8.2358883E-03) 4.8852913E+00
(-4.3358748E+01, -1.0534490E+01) (-6.0428920E-01, 8.8196807E-03) 4.8678646E+00
(-4.2353928E+01, -1.0222467E+01) (-6.5067010E-01, 9.5008405E-03) 4.8477570E+00
(-4.1325599E+01, -9.9131808E+00) (-7.0397796E-01, 1.0285221E-02) 4.8249684E+00
(-4.0289083E+01, -9.5921333E+00) (-7.6452070E-01, 1.1178071E-02) 4.7994987E+00
(-3.9260269E+01, -9.2711360E+00) (-8.3249871E-01, 1.2183368E-02) 4.7713480E+00
(-3.8257702E+01, -8.9747086E+00) (-9.0793861E-01, 1.3302960E-02) 4.7405163E+00
(-3.7289752E+01, -8.7069744E+00) (-9.9061138E-01, 1.4535530E-02) 4.7070036E+00
(-3.6356629E+01, -8.4624652E+00) (-1.0799361E+00, 1.5875397E-02) 4.6708098E+00
(-3.5460873E+01, -8.2393181E+00) (-1.1748743E+00, 1.7311234E-02) 4.6319350E+00
(-3.4609698E+01, -8.0410527E+00) (-1.2738244E+00, 1.8824835E-02) 4.5903793E+00
(-3.3802030E+01, -7.8645393E+00) (-1.3745325E+00, 2.0390100E-02) 4.5461425E+00
(-3.3034033E+01, -7.7064131E+00) (-1.4740416E+00, 2.1972490E-02) 4.4992246E+00
(-3.2299437E+01, -7.5571119E+00) (-1.5687077E+00, 2.3529177E-02) 4.4496258E+00
(-3.1579564E+01, -7.4063216E+00) (-1.6543103E+00, 2.5010070E-02) 4.3973460E+00
(-3.0853636E+01, -7.2736201E+00) (-1.7262795E+00, 2.6359749E-02) 4.3423851E+00
(-3.0115785E+01, -7.1745087E+00) (-1.7800449E+00, 2.7520148E-02) 4.2847432E+00
(-2.9352911E+01, -7.0910358E+00) (-1.8114832E+00, 2.8433600E-02) 4.2244203E+00
(-2.8561243E+01, -6.9447673E+00) (-1.8174095E+00, 2.9045774E-02) 4.1614164E+00
(-2.7720975E+01, -6.7694763E+00) (-1.7960305E+00, 2.9308173E-02) 4.0957314E+00
(-2.6787731E+01, -6.6468442E+00) (-1.7472645E+00, 2.9180201E-02) 4.0273654E+00
(-2.5788059E+01, -6.6550140E+00) (-1.6728486E+00, 2.8631302E-02) 3.9563185E+00
(-2.4717418E+01, -6.7944459E+00) (-1.5761942E+00, 2.7644007E-02) 3.8825905E+00
(-2.3571494E+01, -6.8463548E+00) (-1.4620108E+00, 2.6218527E-02) 3.8061814E+00
(-2.2377316E+01, -6.7919549E+00) (-1.3357704E+00, 2.4378677E-02) 3.7270914E+00
(-2.1153451E+01, -6.6625811E+00) (-1.2031187E+00, 2.2177602E-02) 3.6453204E+00
(-1.9907403E+01, -6.4883149E+00) (-1.0693404E+00, 1.9700569E-02) 3.5608683E+00
(-1.8632537E+01, -6.2835613E+00) (-9.3895654E-01, 1.7061937E-02) 3.4737352E+00
(-1.7352865E+01, -6.0826987E+00) (-8.1550238E-01, 1.4394807E-02) 3.3839211E+00
(-1.6084965E+01, -5.9061327E+00) (-7.0137136E-01, 1.1834316E-02) 3.2914260E+00
(-1.4828298E+01, -5.7485311E+00) (-5.9795603E-01, 9.4989126E-03) 3.2000000E+00
(-1.3580763E+01, -5.5949871E+00) (-5.0595983E-01, 7.4744372E-03) 3.1135135E+00
(-1.2343874E+01, -5.4299408E+00) (-4.2539998E-01, 5.8051176E-03) 3.0315789E+00
(-1.1123798E+01, -5.2412814E+00) (-3.5573322E-01, 4.4938529E-03) 2.9538462E+00
(-9.9304614E+00, -5.0216539E+00) (-2.9612379E-01, 3.5102101E-03) 2.8800000E+00
(-8.7768163E+00, -4.7687034E+00) (-2.4557161E-01, 2.8025261E-03) 2.8097561E+00
(-7.6767909E+00, -4.4846631E+00) (-2.0301708E-01, 2.3104676E-03) 2.7428571E+00
(-6.6426611E+00, -4.1746767E+00) (-1.6741427E-01, 1.9752272E-03) 2.6790698E+00
(-5.6847305E+00, -3.8459888E+00) (-1.3777802E-01, 1.7460702E-03) 2.6181818E+00
(-4.8118917E+00, -3.5072926E+00) (-1.1321058E-01, 1.5832939E-03) 2.5600000E+00
(-4.0278219E+00, -3.1667021E+00) (-9.2913748E-02, 1.4584449E-03) 2.5043478E+00
(-3.3341814E+00, -2.8320483E+00) (-7.6190876E-02, 1.3528754E-03) 2.4510638E+00
(-2.7297596E+00, -2.5102332E+00) (-6.2442727E-02, 1.2555848E-03) 2.4000000E+00
(-2.2098796E+00, -2.2061575E+00) (-5.1159659E-02, 1.1610005E-03) 2.3510204E+00
(-1.7695022E+00, -1.9240306E+00) (-4.1912107E-02, 1.0670610E-03) 2.3040000E+00
(-1.4008473E+00, -1.6659610E+00) (-3.4340585E-02, 9.7373907E-04) 2.2588235E+00
(-1.0964749E+00, -1.4331770E+00) (-2.8145969E-02, 8.8200529E-04) 2.2153846E+00
(-8.4852933E-01, -1.2259444E+00) (-2.3080492E-02, 7.9316229E-04) 2.1735849E+00
(-6.4850669E-01, -1.0430489E+00) (-1.8939676E-02, 7.0845927E-04) 2.1333333E+00
(-4.8991185E-01, -8.8375080E-01) (-1.5555258E-02, 6.2890042E-04) 2.0945455E+00
(-3.6532483E-01, -7.4595362E-01) (-1.2789095E-02, 5.5517713E-04) 2.0571429E+00
(-2.6862524E-01, -6.2755554E-01) (-1.0527975E-02, 4.8767212E-04) 2.0210526E+00
(-1.9504348E-01, -5.2686516E-01) (-8.6792557E-03, 4.2650021E-04) 1.9862069E+00
(-1.3969883E-01, -4.4166925E-01) (-7.1672033E-03, 3.7156320E-04) 1.9525424E+00
(-9.8553773E-02, -3.6981622E-01) (-5.9299607E-03, 3.2260608E-04) 1.9200000E+00
(-6.8608940E-02, -3.0955501E-01) (-4.9170348E-03, 2.7926742E-04) 1.8885246E+00
(-4.7454807E-02, -2.5936719E-01) (-4.0872259E-03, 2.4112141E-04) 1.8580645E+00
(-3.2774373E-02, -2.1762271E-01) (-3.4069268E-03, 2.0771088E-04) 1.8285714E+00
(-2.2818437E-02, -1.8291296E-01) (-2.8487277E-03, 1.7857186E-04) 1.8000000E+00
(-1.6332604E-02, -1.5409769E-01) (-2.3902743E-03, 1.5325115E-04) 1.7723077E+00
(-1.2361475E-02, -1.3021513E-01) (-2.0133348E-03, 1.3131794E-04) 1.7454545E+00
(-1.0187083E-02, -1.1046845E-01) (-1.7030380E-03, 1.1237110E-04) 1.7194030E+00
(-9.1544721E-03, -9.4100929E-02) (-1.4472520E-03, 9.6042945E-05) 1.6941176E+00
(-8.7959798E-03, -8.0477375E-02) (-1.2360773E-03, 8.2000679E-05) 1.6695652E+00
(-8.8192396E-03, -6.9102657E-02) (-1.0614338E-03, 6.9946109E-05) 1.6457143E+00
(-9.0262223E-03, -5.9573084E-02) (-9.1672475E-04, 5.9614233E-05) 1.6225352E+00
(-9.2814013E-03, -5.1556169E-02) (-7.9656220E-04, 5.0771139E-05) 1.6000000E+00
(-9.4978347E-03, -4.4779629E-02) (-6.9654409E-04, 4.3211523E-05) 1.5780822E+00
(-9.6301407E-03, -3.9026255E-02) (-6.1307233E-04, 3.6756042E-05) 1.5567568E+00
(-9.6499788E-03, -3.4116218E-02) (-5.4320464E-04, 3.1248661E-05) 1.5360000E+00
(-9.5340731E-03, -2.9890756E-02) (-4.8453393E-04, 2.6554085E-05) 1.5157895E+00
(-9.2895366E-03, -2.6230681E-02) (-4.3508991E-04, 2.2555342E-05) 1.4961039E+00
(-8.9355460E-03, -2.3044100E-02) (-3.9325895E-04, 1.9151557E-05) 1.4769231E+00
(-8.4938855E-03, -2.0257178E-02) (-3.5771873E-04, 1.6255927E-05) 1.4582278E+00
(-7.9867769E-03, -1.7810826E-02) (-3.2738498E-04, 1.3793893E-05) 1.4400000E+00
(-7.4348190E-03, -1.5656758E-02) (-3.0136800E-04, 1.1701522E-05) 1.4222222E+00
(-6.8565428E-03, -1.3755316E-02) (-2.7893719E-04, 9.9240686E-06) 1.4048780E+00
(-6.2683445E-03, -1.2073824E-02) (-2.5949213E-04, 8.4147140E-06) 1.3879518E+00
(-5.6840008E-03, -1.0585342E-02) (-2.4253893E-04, 7.1334630E-06) 1.3714286E+00
(-5.1152067E-03, -9.2674109E-03) (-2.2767095E-04, 6.0461821E-06) 1.3552941E+00
(-4.5709535E-03, -8.1008593E-03) (-2.1455302E-04, 5.1237660E-06) 1.3395349E+00
(-4.0580705E-03, -7.0693086E-03) (-2.0290856E-04, 4.3414159E-06) 1.3241379E+00
(-3.5818157E-03, -6.1590307E-03) (-1.9250904E-04, 3.6780165E-06) 1.3090909E+00
(-3.1439894E-03, -5.3568049E-03) (-1.8316538E-04, 3.1156001E-06) 1.2943820E+00
(-2.7451475E-03, -4.6507863E-03) (-1.7472086E-04, 2.6388858E-06) 1.2800000E+00
(-2.3854388E-03, -4.0308704E-03) (-1.6704540E-04, 2.2348838E-06) 1.2659341E+00
(-2.0641361E-03, -3.4880325E-03) (-1.6003081E-04, 1.8925573E-06) 1.2521739E+00
(-1.7794901E-03, -3.0139169E-03) (-1.5358689E-04, 1.6025321E-06) 1.2387097E+00
(-1.5290708E-03, -2.6008205E-03) (-1.4763831E-04, 1.3568493E-06) 1.2255319E+00
(-1.3101256E-03, -2.2417170E-03) (-1.4212197E-04, 1.1487539E-06) 1.2126316E+00
(-1.1197675E-03, -1.9302480E-03) (-1.3698488E-04, 9.7251399E-07) 1.2000000E+00
(-9.5511642E-04, -1.6606746E-03) (-1.3218240E-04, 8.2326763E-07) 1.1876289E+00
(-8.1334393E-04, -1.4278247E-03) (-1.2767680E-04, 6.9689141E-07) 1.1755102E+00
(-6.9169817E-04, -1.2270026E-03) (-1.2343608E-04, 5.8988925E-07) 1.1636364E+00
(-5.8763674E-04, -1.0540334E-03) (-1.1943301E-04, 4.9929747E-07) 1.1520000E+00
(-4.9884479E-04, -9.0522279E-04) (-1.1564429E-04, 4.2260422E-07) 1.1405941E+00
(-4.2324674E-04, -7.7732071E-04) (-1.1204993E-04, 3.5768094E-07) 1.1294118E+00
(-3.5900212E-04, -6.6748093E-04) (-1.0863269E-04, 3.0272414E-07) 1.1184466E+00
(-3.0449325E-04, -5.7321905E-04) (-1.0537763E-04, 2.5620598E-07) 1.1076923E+00
(-2.5830300E-04, -4.9236713E-04) (-1.0227172E-04, 2.1683229E-07) 1.0971429E+00
(-2.1919069E-04, -4.2303522E-04) (-9.9303592E-05, 1.8350699E-07) 1.0867925E+00
(-1.8608589E-04, -3.6358865E-04) (-9.6463217E-05, 1.5530182E-07) 1.0766355E+00
(-1.5806885E-04, -3.1261476E-04) (-9.3741736E-05, 1.3143077E-07) 1.0666667E+00
(-1.3435633E-04, -2.6890007E-04) (-9.1131272E-05, 1.1122830E-07) 1.0568807E+00
(-1.1428237E-04, -2.3140265E-04) (-8.8624786E-05, 9.4130931E-08) 1.0472727E+00
(-9.7280614E-05, -1.9922671E-04) (-8.6215958E-05, 7.9661647E-08) 1.0378378E+00
(-8.2874022E-05, -1.7160792E-04) (-8.3899084E-05, 6.7416629E-08) 1.0285714E+00
(-7.0658934E-05, -1.4789116E-04) (-8.1668989E-05, 5.7054054E-08) 1.0194690E+00
(-6.0295440E-05, -1.2751705E-04) (-7.9520962E-05, 4.8284590E-08) 1.0105263E+00
(-5.1495313E-05, -1.1000490E-04) (-7.7450691E-05, 4.0863348E-08) 1.0017391E+00
(-4.4016713E-05, -9.4945192E-05) (-7.5454215E-05, 3.4583061E-08) 9.9310345E-01
(-3.7656631E-05, -8.1988816E-05) (-7.3527884E-05, 2.9268313E-08) 9.8461538E-01
(-3.2243810E-05, -7.0836887E-05) (-7.1668316E-05, 2.4770649E-08) 9.7627119E-01
(-2.7633289E-05, -6.1233120E-05) (-6.9872374E-05, 2.0964432E-08) 9.6806723E-01
(-2.3702578E-05, -5.2958067E-05) (-6.8137136E-05, 1.7743341E-08) 9.6000000E-01
(-2.0348365E-05, -4.5824013E-05) (-6.6459873E-05, 1.5017402E-08) 9.5206612E-01
(-1.7483465E-05, -3.9670266E-05) (-6.4838030E-05, 1.2710476E-08) 9.4426230E-01
(-1.5034083E-05, -3.4358959E-05) (-6.3269208E-05, 1.0758132E-08) 9.3658537E-01
(-1.2938223E-05, -2.9772545E-05) (-6.1751154E-05, 9.1058489E-09) 9.2903226E-01
(-1.1143302E-05, -2.5809905E-05) (-6.0281742E-05, 7.7074885E-09) 9.2160000E-01
(-9.6046807E-06, -2.2384492E-05) (-5.8858968E-05, 6.5240094E-09) 9.1428571E-01
(-8.2847667E-06, -1.9421899E-05) (-5.7480935E-05, 5.5223747E-09) 9.0708661E-01
(-7.1513679E-06, -1.6858298E-05) (-5.6145849E-05, 4.6746283E-09) 9.0000000E-01
(-6.1775241E-06, -1.4638875E-05) (-5.4852008E-05, 3.9571135E-09) 8.9302326E-01
(-5.3399871E-06, -1.2716433E-05) (-5.3597799E-05, 3.3498118E-09) 8.8615385E-01
(-4.6190304E-06, -1.1050355E-05) (-5.2381686E-05, 2.8357834E-09) 8.7938931E-01
(-3.9979434E-06, -9.6057529E-06) (-5.1202210E-05, 2.4006933E-09) 8.7272727E-01
100.000000
(-3.6861346E+01, -1.4081766E+01) (-4.2196961E-01, 5.1664377E-02) 4.9322091E+00
(-3.6776497E+01, -1.4042548E+01) (-4.3048926E-01, 5.2527047E-02) 4.9335496E+00
(-3.6523971E+01, -1.3927203E+01) (-4.3900891E-01, 5.3389716E-02) 4.9322091E+00
(-3.6108178E+01, -1.3743670E+01) (-4.5067182E-01, 5.4680637E-02) 4.9281876E+00
(-3.5532591E+01, -1.3509274E+01) (-4.6658267E-01, 5.6470195E-02) 4.9214850E+00
(-3.4807411E+01, -1.3238018E+01) (-4.8712626E-01, 5.8789174E-02) 4.9121014E+00
(-3.3959509E+01, -1.2927043E+01) (-5.1259478E-01, 6.1664200E-02) 4.9000369E+00
(-3.3011999E+01, -1.2584659E+01) (-5.4327443E-01, 6.5122476E-02) 4.8852913E+00
(-3.1982319E+01, -1.2228997E+01) (-5.7945552E-01, 6.9191652E-02) 4.8678646E+00
(-3.0894818E+01, -1.1867370E+01) (-6.2142077E-01, 7.3898125E-02) 4.8477570E+00
(-2.9782407E+01, -1.1503098E+01) (-6.6942146E-01, 7.9264314E-02) 4.8249684E+00
(-2.8687957E+01, -1.1145188E+01) (-7.2364283E-01, 8.5304967E-02) 4.7994987E+00
(-2.7629961E+01, -1.0800037E+01) (-7.8415814E-01, 9.2022483E-02) 4.7713480E+00
(-2.6610426E+01, -1.0469945E+01) (-8.5087079E-01, 9.9401258E-02) 4.7405163E+00
(-2.5644531E+01, -1.0157660E+01) (-9.2344492E-01, 1.0740123E-01) 4.7070036E+00
(-2.4752894E+01, -9.8663407E+00) (-1.0012266E+00, 1.1595099E-01) 4.6708098E+00
(-2.3942657E+01, -9.5956862E+00) (-1.0831610E+00, 1.2494108E-01) 4.6319350E+00
(-2.3205468E+01, -9.3414209E+00) (-1.1677142E+00, 1.3421864E-01) 4.5903793E+00
(-2.2537990E+01, -9.1004709E+00) (-1.2528152E+00, 1.4358447E-01) 4.5461425E+00
(-2.1932660E+01, -8.8703073E+00) (-1.3358340E+00, 1.5279420E-01) 4.4992246E+00
(-2.1385137E+01, -8.6479365E+00) (-1.4136198E+00, 1.6156489E-01) 4.4496258E+00
(-2.0894983E+01, -8.4346055E+00) (-1.4826175E+00, 1.6958764E-01) 4.3973460E+00
(-2.0437248E+01, -8.2339503E+00) (-1.5390760E+00, 1.7654610E-01) 4.3423851E+00
(-1.9985499E+01, -8.0499839E+00) (-1.5793453E+00, 1.8213903E-01) 4.2847432E+00
(-1.9543283E+01, -7.8864705E+00) (-1.6002390E+00, 1.8610369E-01) 4.2244203E+00
(-1.9123517E+01, -7.7160432E+00) (-1.5994143E+00, 1.8823635E-01) 4.1614164E+00
(-1.8684117E+01, -7.5294061E+00) (-1.5757056E+00, 1.8840623E-01) 4.0957314E+00
(-1.8192782E+01, -7.3420682E+00) (-1.5293401E+00, 1.8656108E-01) 4.0273654E+00
(-1.7619048E+01, -7.1789956E+00) (-1.4619839E+00, 1.8272499E-01) 3.9563185E+00
(-1.6959311E+01, -7.0460110E+00) (-1.3765960E+00, 1.7699109E-01) 3.8825905E+00
(-1.6261502E+01, -6.8926221E+00) (-1.2771137E+00, 1.6951268E-01) 3.8061814E+00
(-1.5527972E+01, -6.7126640E+00) (-1.1680266E+00, 1.6049561E-01) 3.7270914E+00
(-1.4752773E+01, -6.5115493E+00) (-1.0539216E+00, 1.5019214E-01) 3.6453204E+00
(-1.3934530E+01, -6.2916862E+00) (-9.3907395E-01, 1.3889452E-01) 3.5608683E+00
(-1.3078741E+01, -6.0489813E+00) (-8.2714259E-01, 1.2692537E-01) 3.4737352E+00
(-1.2183284E+01, -5.8051587E+00) (-7.2100345E-01, 1.1462305E-01) 3.3839211E+00
(-1.1257798E+01, -5.5676641E+00) (-6.2261531E-01, 1.0232099E-01) 3.2914260E+00
(-1.0319771E+01, -5.3276585E+00) (-5.3313892E-01, 9.0327794E-02) 3.2000000E+00
(-9.3859075E+00, -5.0756456E+00) (-4.5320217E-01, 7.8908946E-02) 3.1135135E+00
(-8.4707560E+00, -4.8059128E+00) (-3.8287242E-01, 6.8270048E-02) 3.0315789E+00
(-7.5868335E+00, -4.5170380E+00) (-3.2174389E-01, 5.8550669E-02) 2.9538462E+00
(-6.7445717E+00, -4.2112200E+00) (-2.6916283E-01, 4.9826837E-02) 2.8800000E+00
(-5.9524536E+00, -3.8930781E+00) (-2.2432884E-01, 4.2118295E-02) 2.8097561E+00
(-5.2166544E+00, -3.5686257E+00) (-1.8638057E-01, 3.5399536E-02) 2.7428571E+00
(-4.5411282E+00, -3.2440259E+00) (-1.5445705E-01, 2.9612146E-02) 2.6790698E+00
(-3.9278405E+00, -2.9252524E+00) (-1.2773833E-01, 2.4676624E-02) 2.6181818E+00
(-3.3767747E+00, -2.6178398E+00) (-1.0546981E-01, 2.0502509E-02) 2.5600000E+00
(-2.8863958E+00, -2.3258969E+00) (-8.6974340E-02, 1.6996304E-02) 2.5043478E+00
(-2.4539171E+00, -2.0528080E+00) (-7.1655883E-02, 1.4067132E-02) 2.4510638E+00
(-2.0756359E+00, -1.8007245E+00) (-5.8997591E-02, 1.1630392E-02) 2.4000000E+00
(-1.7473015E+00, -1.5707797E+00) (-4.8556552E-02, 9.6097859E-03) 2.3510204E+00
(-1.4642868E+00, -1.3633772E+00) (-3.9956753E-02, 7.9381341E-03) 2.3040000E+00
(-1.2219414E+00, -1.1780859E+00) (-3.2881371E-02, 6.5573680E-03) 2.2588235E+00
(-1.0156305E+00, -1.0139897E+00) (-2.7065053E-02, 5.4180000E-03) 2.2153846E+00
(-8.4094598E-01, -8.6987453E-01) (-2.2286633E-02, 4.4783106E-03) 2.1735849E+00
(-6.9382940E-01, -7.4409216E-01) (-1.8362493E-02, 3.7034174E-03) 2.1333333E+00
(-5.7045550E-01, -6.3507437E-01) (-1.5140660E-02, 3.0643327E-03) 2.0945455E+00
(-4.6747131E-01, -5.4106463E-01) (-1.2495670E-02, 2.5370740E-03) 2.0571429E+00
(-3.8187124E-01, -4.6034184E-01) (-1.0324149E-02, 2.1018617E-03) 2.0210526E+00
(-3.1096149E-01, -3.9135623E-01) (-8.5410594E-03, 1.7424157E-03) 1.9862069E+00
(-2.5244684E-01, -3.3259366E-01) (-7.0765306E-03, 1.4453534E-03) 1.9525424E+00
(-2.0434608E-01, -2.8264494E-01) (-5.8732111E-03, 1.1996802E-03) 1.9200000E+00
(-1.6493317E-01, -2.4027855E-01) (-4.8840577E-03, 9.9636506E-04) 1.8885246E+00
(-1.3272608E-01, -2.0442213E-01) (-4.0705031E-03, 8.2798798E-04) 1.8580645E+00
(-1.0649749E-01, -1.7409866E-01) (-3.4009406E-03, 6.8845013E-04) 1.8285714E+00
(-8.5207901E-02, -1.4845430E-01) (-2.8494735E-03, 5.7273533E-04) 1.8000000E+00
(-6.7976159E-02, -1.2676225E-01) (-2.3948863E-03, 4.7671491E-04) 1.7723077E+00
(-5.4065196E-02, -1.0840510E-01) (-2.0197992E-03, 3.9698791E-04) 1.7454545E+00
(-4.2860422E-02, -9.2861815E-02) (-1.7099737E-03, 3.3075054E-04) 1.7194030E+00
(-3.3862614E-02, -7.9682820E-02) (-1.4537438E-03, 2.7568939E-04) 1.6941176E+00
(-2.6660719E-02, -6.8485182E-02) (-1.2415496E-03, 2.2989404E-04) 1.6695652E+00
(-2.0913691E-02, -5.8951227E-02) (-1.0655554E-03, 1.9178564E-04) 1.6457143E+00
(-1.6341225E-02, -5.0816314E-02) (-9.1933690E-04, 1.6005830E-04) 1.6225352E+00
(-1.2714791E-02, -4.3859597E-02) (-7.9762585E-04, 1.3363112E-04) 1.6000000E+00
(-9.8482737E-03, -3.7896794E-02) (-6.9610028E-04, 1.1160877E-04) 1.5780822E+00
(-7.5900098E-03, -3.2774909E-02) (-6.1121337E-04, 9.3249111E-05) 1.5567568E+00
(-5.8175350E-03, -2.8366603E-02) (-5.4005331E-04, 7.7936626E-05) 1.5360000E+00
(-4.4334664E-03, -2.4563564E-02) (-4.8022857E-04, 6.5160466E-05) 1.5157895E+00
(-3.3582516E-03, -2.1276063E-02) (-4.2977406E-04, 5.4496414E-05) 1.4961039E+00
(-2.5274512E-03, -1.8429484E-02) (-3.8707431E-04, 4.5591994E-05) 1.4769231E+00
(-1.8892866E-03, -1.5961543E-02) (-3.5080054E-04, 3.8154188E-05) 1.4582278E+00
(-1.4022892E-03, -1.3819704E-02) (-3.1985918E-04, 3.1939276E-05) 1.4400000E+00
(-1.0333913E-03, -1.1959607E-02) (-2.9334969E-04, 2.6744445E-05) 1.4222222E+00
(-7.5632410E-04, -1.0343603E-02) (-2.7052998E-04, 2.2400849E-05) 1.4048780E+00
(-5.5011270E-04, -8.9396228E-03) (-2.5078810E-04, 1.8767851E-05) 1.3879518E+00
(-3.9840517E-04, -7.7200331E-03) (-2.3361905E-04, 1.5728263E-05) 1.3714286E+00
(-2.8803319E-04, -6.6611395E-03) (-2.1860566E-04, 1.3184397E-05) 1.3552941E+00
(-2.0887882E-04, -5.7423716E-03) (-2.0540308E-04, 1.1054785E-05) 1.3395349E+00
(-1.5307114E-04, -4.9458812E-03) (-1.9372589E-04, 9.2714612E-06) 1.3241379E+00
(-1.1426944E-04, -4.2562266E-03) (-1.8333763E-04, 7.7777043E-06) 1.3090909E+00
(-8.7822608E-05, -3.6597508E-03) (-1.7404212E-04, 6.5261578E-06) 1.2943820E+00
(-7.0320424E-05, -3.1443987E-03) (-1.6567643E-04, 5.4772714E-06) 1.2800000E+00
(-5.9050841E-05, -2.6996840E-03) (-1.5810500E-04, 4.5980027E-06) 1.2659341E+00
(-5.1893193E-05, -2.3164534E-03) (-1.5121487E-04, 3.8607374E-06) 1.2521739E+00
(-4.7400746E-05, -1.9866211E-03) (-1.4491174E-04, 3.2423899E-06) 1.2387097E+00
(-4.4607861E-05, -1.7030555E-03) (-1.3911675E-04, 2.7236551E-06) 1.2255319E+00
(-4.2812379E-05, -1.4595239E-03) (-1.3376376E-04, 2.2883837E-06) 1.2126316E+00
(-4.1510770E-05, -1.2505810E-03) (-1.2879723E-04, 1.9230631E-06) 1.2000000E+00
(-4.0340213E-05, -1.0714909E-03) (-1.2417033E-04, 1.6163829E-06) 1.1876289E+00
(-3.9108709E-05, -9.1809726E-04) (-1.1984352E-04, 1.3588739E-06) 1.1755102E+00
(-3.7752307E-05, -7.8677397E-04) (-1.1578327E-04, 1.1426060E-06) 1.1636364E+00
(-3.6249108E-05, -6.7438262E-04) (-1.1196108E-04, 9.6093605E-07) 1.1520000E+00
(-3.4604596E-05, -5.7821305E-04) (-1.0835262E-04, 8.0829790E-07) 1.1405941E+00
(-3.2837449E-05, -4.9593205E-04) (-1.0493705E-04, 6.8002632E-07) 1.1294118E+00
(-3.0973472E-05, -4.2553382E-04) (-1.0169643E-04, 5.7221032E-07) 1.1184466E+00
(-2.9038790E-05, -3.6529900E-04) (-9.8615275E-05, 4.8157038E-07) 1.1076923E+00
(-2.7060798E-05, -3.1375508E-04) (-9.5680145E-05, 4.0535583E-07) 1.0971429E+00
(-2.5078430E-05, -2.6963340E-04) (-9.2879318E-05, 3.4125903E-07) 1.0867925E+00
(-2.3126382E-05, -2.3184829E-04) (-9.0202527E-05, 2.8734357E-07) 1.0766355E+00
(-2.1231851E-05, -1.9947418E-04) (-8.7640731E-05, 2.4198419E-07) 1.0666667E+00
(-1.9415260E-05, -1.7172128E-04) (-8.5185934E-05, 2.0381647E-07) 1.0568807E+00
(-1.7690966E-05, -1.4791631E-04) (-8.2831023E-05, 1.7169473E-07) 1.0472727E+00
(-1.6068605E-05, -1.2748592E-04) (-8.0569644E-05, 1.4465675E-07) 1.0378378E+00
(-1.4553328E-05, -1.0994083E-04) (-7.8396091E-05, 1.2189425E-07) 1.0285714E+00
(-1.3147167E-05, -9.4864296E-05) (-7.6305214E-05, 1.0272810E-07) 1.0194690E+00
(-1.1849373E-05, -8.1900706E-05) (-7.4292346E-05, 8.6587558E-08) 1.0105263E+00
(-1.0657423E-05, -7.0747328E-05) (-7.2353238E-05, 7.2992925E-08) 1.0017391E+00
(-9.5670849E-06, -6.1145650E-05) (-7.0484004E-05, 6.1540904E-08) 9.9310345E-01
(-8.5730655E-06, -5.2874863E-05) (-6.8681077E-05, 5.1892387E-08) 9.8461538E-01
(-7.6693998E-06, -4.5746555E-05) (-6.6941169E-05, 4.3762181E-08) 9.7627119E-01
(-6.8502412E-06, -3.9599463E-05) (-6.5261240E-05, 3.6910395E-08) 9.6806723E-01
(-6.1099632E-06, -3.4295339E-05) (-6.3638469E-05, 3.1135206E-08) 9.6000000E-01
(-5.4427790E-06, -2.9715910E-05) (-6.2070231E-05, 2.6266795E-08) 9.5206612E-01
(-4.8429153E-06, -2.5759902E-05) (-6.0554074E-05, 2.2162239E-08) 9.4426230E-01
(-4.3047550E-06, -2.2340616E-05) (-5.9087706E-05, 1.8701241E-08) 9.3658537E-01
(-3.8228462E-06, -1.9383583E-05) (-5.7668976E-05, 1.5782523E-08) 9.2903226E-01
(-3.3920643E-06, -1.6824979E-05) (-5.6295861E-05, 1.3320811E-08) 9.2160000E-01
(-3.0075222E-06, -1.4609990E-05) (-5.4966458E-05, 1.1244295E-08) 9.1428571E-01
(-2.6647391E-06, -1.2691481E-05) (-5.3678970E-05, 9.4924904E-09) 9.0708661E-01
(-2.3595068E-06, -1.1028990E-05) (-5.2431699E-05, 8.0144473E-09) 9.0000000E-01
(-2.0879823E-06, -9.5875753E-06) (-5.1223038E-05, 6.7672398E-09) 8.9302326E-01
(-1.8466066E-06, -8.3372402E-06) (-5.0051462E-05, 5.7146979E-09) 8.8615385E-01
(-1.6321226E-06, -7.2520741E-06) (-4.8915527E-05, 4.8263395E-09) 8.7938931E-01
(-1.4416158E-06, -6.3097545E-06) (-4.7813859E-05, 4.0764723E-09) 8.7272727E-01
150.000000
(-2.7880971E+01, -1.5917378E+01) (-4.2275877E-01, 8.3793278E-02) 4.9322091E+00
(-2.7787598E+01, -1.5882774E+01) (-4.3069086E-01, 8.5089891E-02) 4.9335496E+00
(-2.7509764E+01, -1.5780753E+01) (-4.3862295E-01, 8.6386505E-02) 4.9322091E+00
(-2.7054412E+01, -1.5617100E+01) (-4.4951704E-01, 8.8347857E-02) 4.9281876E+00
(-2.6431737E+01, -1.5402663E+01) (-4.6436728E-01, 9.1068267E-02) 4.9214850E+00
(-2.5657254E+01, -1.5146747E+01) (-4.8350122E-01, 9.4587702E-02) 4.9121014E+00
(-2.4758014E+01, -1.4850923E+01) (-5.0715355E-01, 9.8939500E-02) 4.9000369E+00
(-2.3760993E+01, -1.4523445E+01) (-5.3554363E-01, 1.0415642E-01) 4.8852913E+00
(-2.2691487E+01, -1.4179258E+01) (-5.6888304E-01, 1.1027000E-01) 4.8678646E+00
(-2.1577446E+01, -1.3824015E+01) (-6.0736346E-01, 1.1730778E-01) 4.8477570E+00
(-2.0448654E+01, -1.3460370E+01) (-6.5113353E-01, 1.2528897E-01) 4.8249684E+00
(-1.9337379E+01, -1.3096828E+01) (-7.0026662E-01, 1.3421896E-01) 4.7994987E+00
(-1.8269658E+01, -1.2738757E+01) (-7.5471932E-01, 1.4408246E-01) 4.7713480E+00
(-1.7265178E+01, -1.2387592E+01) (-8.1428093E-01, 1.5483548E-01) 4.7405163E+00
(-1.6343134E+01, -1.2046138E+01) (-8.7851491E-01, 1.6639657E-01) 4.7070036E+00
(-1.5519854E+01, -1.1717703E+01) (-9.4669533E-01, 1.7863781E-01) 4.6708098E+00
(-1.4805109E+01, -1.1402252E+01) (-1.0177437E+00, 1.9137663E-01) 4.6319350E+00
(-1.4201395E+01, -1.1095905E+01) (-1.0901747E+00, 2.0436992E-01) 4.5903793E+00
(-1.3707931E+01, -1.0795862E+01) (-1.1620637E+00, 2.1731210E-01) 4.5461425E+00
(-1.3318739E+01, -1.0499746E+01) (-1.2310498E+00, 2.2983907E-01) 4.4992246E+00
(-1.3025125E+01, -1.0205317E+01) (-1.2943911E+00, 2.4153946E-01) 4.4496258E+00
(-1.2814102E+01, -9.9139896E+00) (-1.3490856E+00, 2.5197385E-01) 4.3973460E+00
(-1.2660470E+01, -9.6270854E+00) (-1.3920616E+00, 2.6070125E-01) 4.3423851E+00
(-1.2539195E+01, -9.3444189E+00) (-1.4204318E+00, 2.6731015E-01) 4.2847432E+00
(-1.2433572E+01, -9.0677255E+00) (-1.4317854E+00, 2.7145034E-01) 4.2244203E+00
(-1.2340317E+01, -8.7863603E+00) (-1.4244789E+00, 2.7286067E-01) 4.1614164E+00
(-1.2236167E+01, -8.4953958E+00) (-1.3978731E+00, 2.7138869E-01) 4.0957314E+00
(-1.2098982E+01, -8.2051698E+00) (-1.3524680E+00, 2.6699986E-01) 4.0273654E+00
(-1.1904035E+01, -7.9244861E+00) (-1.2899000E+00, 2.5977664E-01) 3.9563185E+00
(-1.1641607E+01, -7.6560915E+00) (-1.2127948E+00, 2.4990969E-01) 3.8825905E+00
(-1.1332727E+01, -7.3793560E+00) (-1.1244985E+00, 2.3768439E-01) 3.8061814E+00
(-1.0972242E+01, -7.0880192E+00) (-1.0287357E+00, 2.2346498E-01) 3.7270914E+00
(-1.0554475E+01, -6.7834084E+00) (-9.2925631E-01, 2.0767698E-01) 3.6453204E+00
(-1.0078654E+01, -6.4677166E+00) (-8.2952521E-01, 1.9078743E-01) 3.5608683E+00
(-9.5488025E+00, -6.1413360E+00) (-7.3249516E-01, 1.7328186E-01) 3.4737352E+00
(-8.9747605E+00, -5.8137423E+00) (-6.4048695E-01, 1.5563856E-01) 3.3839211E+00
(-8.3684201E+00, -5.4885752E+00) (-5.5507770E-01, 1.3830018E-01) 3.2914260E+00
(-7.7419156E+00, -5.1639532E+00) (-4.7720667E-01, 1.2165163E-01) 3.2000000E+00
(-7.1070388E+00, -4.8383215E+00) (-4.0740622E-01, 1.0600345E-01) 3.1135135E+00
(-6.4751705E+00, -4.5116278E+00) (-3.4575384E-01, 9.1578355E-02) 3.0315789E+00
(-5.8569203E+00, -4.1852065E+00) (-2.9193085E-01, 7.8510836E-02) 2.9538462E+00
(-5.2614806E+00, -3.8614473E+00) (-2.4541300E-01, 6.6856058E-02) 2.8800000E+00
(-4.6965461E+00, -3.5431978E+00) (-2.0554986E-01, 5.6602709E-02) 2.8097561E+00
(-4.1677124E+00, -3.2334834E+00) (-1.7163411E-01, 4.7688729E-02) 2.7428571E+00
(-3.6787218E+00, -2.9350742E+00) (-1.4295213E-01, 4.0017283E-02) 2.6790698E+00
(-3.2316834E+00, -2.6504144E+00) (-1.1881837E-01, 3.3471119E-02) 2.6181818E+00
(-2.8269510E+00, -2.3815416E+00) (-9.8596638E-02, 2.7924317E-02) 2.5600000E+00
(-2.4638425E+00, -2.1298390E+00) (-8.1711494E-02, 2.3251078E-02) 2.5043478E+00
(-2.1405919E+00, -1.8962956E+00) (-6.7652511E-02, 1.9331721E-02) 2.4510638E+00
(-1.8547744E+00, -1.6813054E+00) (-5.5973804E-02, 1.6056323E-02) 2.4000000E+00
(-1.6036241E+00, -1.4848867E+00) (-4.6290533E-02, 1.3326534E-02) 2.3510204E+00
(-1.3839955E+00, -1.3066636E+00) (-3.8273735E-02, 1.1056088E-02) 2.3040000E+00
(-1.1928524E+00, -1.1459797E+00) (-3.1644379E-02, 9.1704631E-03) 2.2588235E+00
(-1.0270912E+00, -1.0019290E+00) (-2.6167259E-02, 7.6060230E-03) 2.2153846E+00
(-8.8375030E-01, -8.7349576E-01) (-2.1645111E-02, 6.3089116E-03) 2.1735849E+00
(-7.6021581E-01, -7.5953379E-01) (-1.7913164E-02, 5.2338547E-03) 2.1333333E+00
(-6.5384962E-01, -6.5884563E-01) (-1.4834244E-02, 4.3429851E-03) 2.0945455E+00
(-5.6247262E-01, -5.7025489E-01) (-1.2294453E-02, 3.6047485E-03) 2.0571429E+00
(-4.8409519E-01, -4.9258252E-01) (-1.0199422E-02, 2.9929232E-03) 2.0210526E+00
(-4.1684553E-01, -4.2470146E-01) (-8.4710963E-03, 2.4857601E-03) 1.9862069E+00
(-3.5919079E-01, -3.6556467E-01) (-7.0449986E-03, 2.0652435E-03) 1.9525424E+00
(-3.0980316E-01, -3.1418194E-01) (-5.8679269E-03, 1.7164629E-03) 1.9200000E+00
(-2.6747620E-01, -2.6963905E-01) (-4.8960164E-03, 1.4270834E-03) 1.8885246E+00
(-2.3114672E-01, -2.3111037E-01) (-4.0931232E-03, 1.1869036E-03) 1.8580645E+00
(-1.9996026E-01, -1.9785723E-01) (-3.4294785E-03, 9.8748605E-04) 1.8285714E+00
(-1.7317699E-01, -1.6920928E-01) (-2.8805711E-03, 8.2185210E-04) 1.8000000E+00
(-1.5014718E-01, -1.4456674E-01) (-2.4262232E-03, 6.8422791E-04) 1.7723077E+00
(-1.3031270E-01, -1.2340126E-01) (-2.0498251E-03, 5.6983529E-04) 1.7454545E+00
(-1.1319414E-01, -1.0524732E-01) (-1.7377048E-03, 4.7471856E-04) 1.7194030E+00
(-9.8401732E-02, -8.9699473E-02) (-1.4786076E-03, 3.9560176E-04) 1.6941176E+00
(-8.5605787E-02, -7.6398954E-02) (-1.2632675E-03, 3.2977080E-04) 1.6695652E+00
(-7.4519219E-02, -6.5031853E-02) (-1.0840545E-03, 2.7497616E-04) 1.6457143E+00
(-6.4897149E-02, -5.5326052E-02) (-9.3468473E-04, 2.2935261E-04) 1.6225352E+00
(-5.6532787E-02, -4.7046283E-02) (-8.0998117E-04, 1.9135298E-04) 1.6000000E+00
(-4.9251063E-02, -3.9989126E-02) (-7.0567781E-04, 1.5969333E-04) 1.5780822E+00
(-4.2902339E-02, -3.3978727E-02) (-6.1825812E-04, 1.3330781E-04) 1.5567568E+00
(-3.7359906E-02, -2.8863910E-02) (-5.4482233E-04, 1.1131125E-04) 1.5360000E+00
(-3.2519168E-02, -2.4514393E-02) (-4.8297839E-04, 9.2968249E-05) 1.5157895E+00
(-2.8288726E-02, -2.0817539E-02) (-4.3075227E-04, 7.7667601E-05) 1.4961039E+00
(-2.4589717E-02, -1.7676787E-02) (-3.8651416E-04, 6.4901159E-05) 1.4769231E+00
(-2.1354399E-02, -1.5009685E-02) (-3.4891784E-04, 5.4246295E-05) 1.4582278E+00
(-1.8524734E-02, -1.2745628E-02) (-3.1685074E-04, 4.5351392E-05) 1.4400000E+00
(-1.6050696E-02, -1.0824406E-02) (-2.8939293E-04, 3.7923811E-05) 1.4222222E+00
(-1.3888977E-02, -9.1945958E-03) (-2.6578325E-04, 3.1719924E-05) 1.4048780E+00
(-1.2001674E-02, -7.8122953E-03) (-2.4539159E-04, 2.6536838E-05) 1.3879518E+00
(-1.0356085E-02, -6.6401507E-03) (-2.2769588E-04, 2.2205534E-05) 1.3714286E+00
(-8.9230031E-03, -5.6462136E-03) (-2.1226331E-04, 1.8585166E-05) 1.3552941E+00
(-7.6770437E-03, -4.8033829E-03) (-1.9873475E-04, 1.5558335E-05) 1.3395349E+00
(-6.5957386E-03, -4.0886238E-03) (-1.8681193E-04, 1.3027154E-05) 1.3241379E+00
(-5.6587279E-03, -3.4822924E-03) (-1.7624690E-04, 1.0909983E-05) 1.3090909E+00
(-4.8483685E-03, -2.9678155E-03) (-1.6683334E-04, 9.1387151E-06) 1.2943820E+00
(-4.1491841E-03, -2.5311560E-03) (-1.5839933E-04, 7.6565155E-06) 1.2800000E+00
(-3.5470915E-03, -2.1603482E-03) (-1.5080146E-04, 6.4159456E-06) 1.2659341E+00
(-3.0293914E-03, -1.8452226E-03) (-1.4391993E-04, 5.3773981E-06) 1.2521739E+00
(-2.5850440E-03, -1.5772469E-03) (-1.3765449E-04, 4.5077965E-06) 1.2387097E+00
(-2.2044132E-03, -1.3492420E-03) (-1.3192115E-04, 3.7795111E-06) 1.2255319E+00
(-1.8789140E-03, -1.1551195E-03) (-1.2664936E-04, 3.1694567E-06) 1.2126316E+00
(-1.6009331E-03, -9.8971561E-04) (-1.2177978E-04, 2.6583403E-06) 1.2000000E+00
(-1.3637282E-03, -8.4864739E-04) (-1.1726235E-04, 2.2300346E-06) 1.1876289E+00
(-1.1615010E-03, -7.2822192E-04) (-1.1305477E-04, 1.8710554E-06) 1.1755102E+00
(-9.8928273E-04, -6.2534784E-04) (-1.0912118E-04, 1.5701260E-06) 1.1636364E+00
(-8.4274591E-04, -5.3740332E-04) (-1.0543112E-04, 1.3178136E-06) 1.1520000E+00
(-7.1813760E-04, -4.6216518E-04) (-1.0195860E-04, 1.1062261E-06) 1.1405941E+00
(-6.1221187E-04, -3.9774617E-04) (-9.8681395E-05, 9.2875923E-07) 1.1294118E+00
(-5.2217305E-04, -3.4254333E-04) (-9.5580421E-05, 7.7988502E-07) 1.1184466E+00
(-4.4561776E-04, -2.9519451E-04) (-9.2639237E-05, 6.5497560E-07) 1.1076923E+00
(-3.8049249E-04, -2.5454496E-04) (-8.9843619E-05, 5.5015582E-07) 1.0971429E+00
(-3.2507656E-04, -2.1962119E-04) (-8.7181208E-05, 4.6218016E-07) 1.0867925E+00
(-2.7790985E-04, -1.8959618E-04) (-8.4641223E-05, 3.8832992E-07) 1.0766355E+00
(-2.3774868E-04, -1.6376641E-04) (-8.2214212E-05, 3.2632729E-07) 1.0666667E+00
(-2.0353631E-04, -1.4153154E-04) (-7.9891854E-05, 2.7426345E-07) 1.0568807E+00
(-1.7437530E-04, -1.2237918E-04) (-7.7666787E-05, 2.3053851E-07) 1.0472727E+00
(-1.4950425E-04, -1.0587263E-04) (-7.5532468E-05, 1.9381132E-07) 1.0378378E+00
(-1.2827777E-04, -9.1637699E-05) (-7.3483054E-05, 1.6295735E-07) 1.0285714E+00
(-1.1014882E-04, -7.9354793E-05) (-7.1513302E-05, 1.3703358E-07) 1.0194690E+00
(-9.4653760E-05, -6.8749960E-05) (-6.9618487E-05, 1.1524907E-07) 1.0105263E+00
(-8.1399299E-05, -5.9589286E-05) (-6.7794332E-05, 9.6940301E-08) 1.0017391E+00
(-7.0051867E-05, -5.1671776E-05) (-6.6036944E-05, 8.1550554E-08) 9.9310345E-01
(-6.0328605E-05, -4.4824769E-05) (-6.4342771E-05, 6.8612660E-08) 9.8461538E-01
(-5.1989159E-05, -3.8900160E-05) (-6.2708557E-05, 5.7734520E-08) 9.7627119E-01
(-4.4830470E-05, -3.3771126E-05) (-6.1131304E-05, 4.8586992E-08) 9.6806723E-01
(-3.8681021E-05, -2.9328871E-05) (-5.9608243E-05, 4.0893738E-08) 9.6000000E-01
(-3.3394873E-05, -2.5479799E-05) (-5.8136809E-05, 3.4422720E-08) 9.5206612E-01
(-2.8847727E-05, -2.2143312E-05) (-5.6714618E-05, 2.8979065E-08) 9.4426230E-01
(-2.4933616E-05, -1.9250070E-05) (-5.5339447E-05, 2.4399087E-08) 9.3658537E-01
(-2.1562243E-05, -1.6740125E-05) (-5.4009218E-05, 2.0545282E-08) 9.2903226E-01
(-1.8656486E-05, -1.4561862E-05) (-5.2721985E-05, 1.7302115E-08) 9.2160000E-01
(-1.6150503E-05, -1.2670768E-05) (-5.1475919E-05, 1.4572502E-08) 9.1428571E-01
(-1.3987956E-05, -1.1028313E-05) (-5.0269301E-05, 1.2274851E-08) 9.0708661E-01
(-1.2120687E-05, -9.6013590E-06) (-4.9100508E-05, 1.0340577E-08) 9.0000000E-01
(-1.0507417E-05, -8.3610497E-06) (-4.7968008E-05, 8.7120240E-09) 8.9302326E-01
(-9.1127862E-06, -7.2826014E-06) (-4.6870354E-05, 7.3407168E-09) 8.8615385E-01
(-7.9064290E-06, -6.3444926E-06) (-4.5806171E-05, 6.1858918E-09) 8.7938931E-01
(-6.8623091E-06, -5.5280940E-06) (-4.4774160E-05, 5.2132669E-09) 8.7272727E-01
175.000000
(-2.4006411E+01, -1.6904413E+01) (-4.1992234E-01, 9.5810320E-02) 4.9322091E+00
(-2.3912771E+01, -1.6871389E+01) (-4.2755358E-01, 9.7245357E-02) 4.9335496E+00
(-2.3634297E+01, -1.6773944E+01) (-4.3518481E-01, 9.8680394E-02) 4.9322091E+00
(-2.3177952E+01, -1.6617313E+01) (-4.4567214E-01, 1.0086026E-01) 4.9281876E+00
(-2.2554343E+01, -1.6410771E+01) (-4.5996066E-01, 1.0388422E-01) 4.9214850E+00
(-2.1779397E+01, -1.6162538E+01) (-4.7835308E-01, 1.0779355E-01) 4.9121014E+00
(-2.0878305E+01, -1.5875698E+01) (-5.0105970E-01, 1.1262200E-01) 4.9000369E+00
(-1.9875637E+01, -1.5558550E+01) (-5.2827196E-01, 1.1840199E-01) 4.8852913E+00
(-1.8798809E+01, -1.5224673E+01) (-5.6016926E-01, 1.2516376E-01) 4.8678646E+00
(-1.7678450E+01, -1.4879362E+01) (-5.9690682E-01, 1.3293211E-01) 4.8477570E+00
(-1.6545719E+01, -1.4524544E+01) (-6.3859338E-01, 1.4172171E-01) 4.8249684E+00
(-1.5434902E+01, -1.4165516E+01) (-6.8526031E-01, 1.5153086E-01) 4.7994987E+00
(-1.4375925E+01, -1.3807092E+01) (-7.3682260E-01, 1.6233417E-01) 4.7713480E+00
(-1.3390848E+01, -1.3452172E+01) (-7.9303182E-01, 1.7407387E-01) 4.7405163E+00
(-1.2500229E+01, -1.3103054E+01) (-8.5342262E-01, 1.8665056E-01) 4.7070036E+00
(-1.1721467E+01, -1.2761368E+01) (-9.1725574E-01, 1.9991386E-01) 4.6708098E+00
(-1.1064990E+01, -1.2426956E+01) (-9.8346289E-01, 2.1365418E-01) 4.6319350E+00
(-1.0532338E+01, -1.2097751E+01) (-1.0506018E+00, 2.2759714E-01) 4.5903793E+00
(-1.0120071E+01, -1.1771522E+01) (-1.1168326E+00, 2.4140241E-01) 4.5461425E+00
(-9.8231284E+00, -1.1446346E+01) (-1.1799292E+00, 2.5466895E-01) 4.4992246E+00
(-9.6291443E+00, -1.1120197E+01) (-1.2373387E+00, 2.6694795E-01) 4.4496258E+00
(-9.5238918E+00, -1.0792999E+01) (-1.2862999E+00, 2.7776416E-01) 4.3973460E+00
(-9.4859962E+00, -1.0465850E+01) (-1.3240237E+00, 2.8664459E-01) 4.3423851E+00
(-9.4918439E+00, -1.0138182E+01) (-1.3479267E+00, 2.9315187E-01) 4.2847432E+00
(-9.5238074E+00, -9.8088767E+00) (-1.3558941E+00, 2.9691827E-01) 4.2244203E+00
(-9.5730330E+00, -9.4708166E+00) (-1.3465353E+00, 2.9767536E-01) 4.1614164E+00
(-9.6146607E+00, -9.1234403E+00) (-1.3193864E+00, 2.9527542E-01) 4.0957314E+00
(-9.6251277E+00, -8.7762146E+00) (-1.2750174E+00, 2.8970180E-01) 4.0273654E+00
(-9.5827184E+00, -8.4347304E+00) (-1.2150165E+00, 2.8106854E-01) 3.9563185E+00
(-9.4771580E+00, -8.1007802E+00) (-1.1418464E+00, 2.6961081E-01) 3.8825905E+00
(-9.3209652E+00, -7.7601759E+00) (-1.0585977E+00, 2.5566913E-01) 3.8061814E+00
(-9.1091937E+00, -7.4074874E+00) (-9.6868065E-01, 2.3966946E-01) 3.7270914E+00
(-8.8371341E+00, -7.0443557E+00) (-8.7551047E-01, 2.2210024E-01) 3.6453204E+00
(-8.5040821E+00, -6.6744201E+00) (-7.8223392E-01, 2.0348667E-01) 3.5608683E+00
(-8.1132854E+00, -6.3005780E+00) (-6.9152973E-01, 1.8436237E-01) 3.4737352E+00
(-7.6753521E+00, -5.9283021E+00) (-6.0550502E-01, 1.6524006E-01) 3.3839211E+00
(-7.2012844E+00, -5.5598718E+00) (-5.2559116E-01, 1.4658174E-01) 3.2914260E+00
(-6.7014549E+00, -5.1954902E+00) (-4.5264357E-01, 1.2877767E-01) 3.2000000E+00
(-6.1862712E+00, -4.8358067E+00) (-3.8715841E-01, 1.1213250E-01) 3.1135135E+00
(-5.6662137E+00, -4.4820803E+00) (-3.2921784E-01, 9.6855212E-02) 3.0315789E+00
(-5.1513281E+00, -4.1359738E+00) (-2.7853812E-01, 8.3062368E-02) 2.9538462E+00
(-4.6504676E+00, -3.7994334E+00) (-2.3464658E-01, 7.0790111E-02) 2.8800000E+00
(-4.1712146E+00, -3.4743544E+00) (-1.9695269E-01, 6.0009170E-02) 2.8097561E+00
(-3.7192629E+00, -3.1626044E+00) (-1.6481101E-01, 5.0641825E-02) 2.7428571E+00
(-3.2986448E+00, -2.8658024E+00) (-1.3756754E-01, 4.2578332E-02) 2.6790698E+00
(-2.9118978E+00, -2.5853034E+00) (-1.1459153E-01, 3.5691216E-02) 2.6181818E+00
(-2.5599578E+00, -2.3221688E+00) (-9.5295512E-02, 2.9846636E-02) 2.5600000E+00
(-2.2427600E+00, -2.0770519E+00) (-7.9146228E-02, 2.4912684E-02) 2.5043478E+00
(-1.9592092E+00, -1.8503377E+00) (-6.5669111E-02, 2.0764907E-02) 2.4510638E+00
(-1.7075573E+00, -1.6420043E+00) (-5.4448261E-02, 1.7289548E-02) 2.4000000E+00
(-1.4856636E+00, -1.4517937E+00) (-4.5123611E-02, 1.4385055E-02) 2.3510204E+00
(-1.2909997E+00, -1.2791588E+00) (-3.7386454E-02, 1.1962395E-02) 2.3040000E+00
(-1.1210601E+00, -1.1233695E+00) (-3.0974184E-02, 9.9445744E-03) 2.2588235E+00
(-9.7323648E-01, -9.8350587E-01) (-2.5664821E-02, 8.2657184E-03) 2.2153846E+00
(-8.4500869E-01, -8.5857475E-01) (-2.1271690E-02, 6.8699187E-03) 2.1735849E+00
(-7.3411429E-01, -7.4749335E-01) (-1.7638456E-02, 5.7100207E-03) 2.1333333E+00
(-6.3827648E-01, -6.4912789E-01) (-1.4634631E-02, 4.7464409E-03) 2.0945455E+00
(-5.5558590E-01, -5.6238020E-01) (-1.2151602E-02, 3.9460686E-03) 2.0571429E+00
(-4.8429527E-01, -4.8614761E-01) (-1.0099157E-02, 3.2812817E-03) 2.0210526E+00
(-4.2276888E-01, -4.1937206E-01) (-8.4025026E-03, 2.7290812E-03) 1.9862069E+00
(-3.6965610E-01, -3.6107090E-01) (-6.9997122E-03, 2.2703445E-03) 1.9525424E+00
(-3.2378623E-01, -3.1031014E-01) (-5.8395709E-03, 1.8891880E-03) 1.9200000E+00
(-2.8410387E-01, -2.6622350E-01) (-4.8797575E-03, 1.5724267E-03) 1.8885246E+00
(-2.4968399E-01, -2.2802538E-01) (-4.0853229E-03, 1.3091207E-03) 1.8580645E+00
(-2.1978048E-01, -1.9500969E-01) (-3.4274196E-03, 1.0901948E-03) 1.8285714E+00
(-1.9375022E-01, -1.6653157E-01) (-2.8822440E-03, 9.0812141E-04) 1.8000000E+00
(-1.7103317E-01, -1.4201157E-01) (-2.4301591E-03, 7.5665640E-04) 1.7723077E+00
(-1.5115061E-01, -1.2093768E-01) (-2.0549665E-03, 6.3061984E-04) 1.7454545E+00
(-1.3369399E-01, -1.0285685E-01) (-1.7433052E-03, 5.2571390E-04) 1.7194030E+00
(-1.1833081E-01, -8.7372566E-02) (-1.4841535E-03, 4.3837194E-04) 1.6941176E+00
(-1.0478085E-01, -7.4132162E-02) (-1.2684192E-03, 3.6563341E-04) 1.6695652E+00
(-9.2801603E-02, -6.2826031E-02) (-1.0886001E-03, 3.0504020E-04) 1.6457143E+00
(-8.2186735E-02, -5.3185020E-02) (-9.3850493E-04, 2.5455084E-04) 1.6225352E+00
(-7.2762398E-02, -4.4975670E-02) (-8.1302326E-04, 2.1246940E-04) 1.6000000E+00
(-6.4381438E-02, -3.7995421E-02) (-7.0793539E-04, 1.7738657E-04) 1.5780822E+00
(-5.6917974E-02, -3.2068519E-02) (-6.1975620E-04, 1.4813091E-04) 1.5567568E+00
(-5.0264886E-02, -2.7043315E-02) (-5.4560626E-04, 1.2372840E-04) 1.5360000E+00
(-4.4332977E-02, -2.2788534E-02) (-4.8310570E-04, 1.0336891E-04) 1.5157895E+00
(-3.9043703E-02, -1.9190427E-02) (-4.3028682E-04, 8.6378479E-05) 1.4961039E+00
(-3.4328579E-02, -1.6151191E-02) (-3.8552195E-04, 7.2196208E-05) 1.4769231E+00
(-3.0127757E-02, -1.3587195E-02) (-3.4746412E-04, 6.0355200E-05) 1.4582278E+00
(-2.6388984E-02, -1.1426623E-02) (-3.1499812E-04, 5.0466683E-05) 1.4400000E+00
(-2.3066095E-02, -9.6080580E-03) (-2.8720010E-04, 4.2206845E-05) 1.4222222E+00
(-2.0117947E-02, -8.0790220E-03) (-2.6330434E-04, 3.5305914E-05) 1.4048780E+00
(-1.7507384E-02, -6.7946407E-03) (-2.4267579E-04, 2.9539072E-05) 1.3879518E+00
(-1.5201294E-02, -5.7166888E-03) (-2.2478741E-04, 2.4718922E-05) 1.3714286E+00
(-1.3169067E-02, -4.8124762E-03) (-2.0920152E-04, 2.0689213E-05) 1.3552941E+00
(-1.1383090E-02, -4.0543735E-03) (-1.9555434E-04, 1.7319633E-05) 1.3395349E+00
(-9.8180434E-03, -3.4189831E-03) (-1.8354328E-04, 1.4501478E-05) 1.3241379E+00
(-8.4502870E-03, -2.8863788E-03) (-1.7291639E-04, 1.2144043E-05) 1.3090909E+00
(-7.2585183E-03, -2.4398355E-03) (-1.6346372E-04, 1.0171626E-05) 1.2943820E+00
(-6.2234022E-03, -2.0653063E-03) (-1.5501008E-04, 8.5210340E-06) 1.2800000E+00
(-5.3269429E-03, -1.7509145E-03) (-1.4740916E-04, 7.1394980E-06) 1.2659341E+00
(-4.5525483E-03, -1.4866619E-03) (-1.4053854E-04, 5.9829489E-06) 1.2521739E+00
(-3.8853701E-03, -1.2642775E-03) (-1.3429573E-04, 5.0145726E-06) 1.2387097E+00
(-3.3121148E-03, -1.0769054E-03) (-1.2859470E-04, 4.2036096E-06) 1.2255319E+00
(-2.8207435E-03, -9.1880785E-04) (-1.2336318E-04, 3.5243538E-06) 1.2126316E+00
(-2.4004299E-03, -7.8518146E-04) (-1.1854031E-04, 2.9553177E-06) 1.2000000E+00
(-2.0414795E-03, -6.7200763E-04) (-1.1407474E-04, 2.4785363E-06) 1.1876289E+00
(-1.7354122E-03, -5.7596278E-04) (-1.0992305E-04, 2.0789870E-06) 1.1755102E+00
(-1.4748433E-03, -4.9432092E-04) (-1.0604843E-04, 1.7441049E-06) 1.1636364E+00
(-1.2532944E-03, -4.2480658E-04) (-1.0241959E-04, 1.4633787E-06) 1.1520000E+00
(-1.0651126E-03, -3.6552029E-04) (-9.9009845E-05, 1.2280136E-06) 1.1405941E+00
(-9.0538742E-04, -3.1487275E-04) (-9.5796402E-05, 1.0306494E-06) 1.1294118E+00
(-7.6987470E-04, -2.7153228E-04) (-9.2759688E-05, 8.6512560E-07) 1.1184466E+00
(-6.5491807E-04, -2.3438102E-04) (-8.9882854E-05, 7.2628461E-07) 1.1076923E+00
(-5.5738543E-04, -2.0248273E-04) (-8.7151341E-05, 6.0980796E-07) 1.0971429E+00
(-4.7463216E-04, -1.7505966E-04) (-8.4552515E-05, 5.1207907E-07) 1.0867925E+00
(-4.0441008E-04, -1.5145738E-04) (-8.2075368E-05, 4.3006866E-07) 1.0766355E+00
(-3.4480528E-04, -1.3112333E-04) (-7.9710270E-05, 3.6123894E-07) 1.0666667E+00
(-2.9419313E-04, -1.1358848E-04) (-7.7448757E-05, 3.0346351E-07) 1.0568807E+00
(-2.5119597E-04, -9.8454263E-05) (-7.5283355E-05, 2.5496041E-07) 1.0472727E+00
(-2.1464694E-04, -8.5382246E-05) (-7.3207438E-05, 2.1423607E-07) 1.0378378E+00
(-1.8355924E-04, -7.4082819E-05) (-7.1215100E-05, 1.8003843E-07) 1.0285714E+00
(-1.5709838E-04, -6.4309038E-05) (-6.9301056E-05, 1.5131775E-07) 1.0194690E+00
(-1.3455908E-04, -5.5849186E-05) (-6.7460553E-05, 1.2719377E-07) 1.0105263E+00
(-1.1534471E-04, -4.8522637E-05) (-6.5689299E-05, 1.0692823E-07) 1.0017391E+00
(-9.8951005E-05, -4.2173887E-05) (-6.3983399E-05, 8.9901879E-08) 9.9310345E-01
(-8.4951781E-05, -3.6669093E-05) (-6.2339307E-05, 7.5595217E-08) 9.8461538E-01
(-7.2986190E-05, -3.1893261E-05) (-6.0753777E-05, 6.3572362E-08) 9.7627119E-01
(-6.2749879E-05, -2.7747862E-05) (-5.9223830E-05, 5.3467538E-08) 9.6806723E-01
(-5.3986172E-05, -2.4148275E-05) (-5.7746722E-05, 4.4973758E-08) 9.6000000E-01
(-4.6477506E-05, -2.1021490E-05) (-5.6319912E-05, 3.7833340E-08) 9.5206612E-01
(-4.0039285E-05, -1.8304451E-05) (-5.4941047E-05, 3.1829957E-08) 9.4426230E-01
(-3.4514732E-05, -1.5942767E-05) (-5.3607933E-05, 2.6781980E-08) 9.3658537E-01
(-2.9770790E-05, -1.3889217E-05) (-5.2318526E-05, 2.2536889E-08) 9.2903226E-01
(-2.5694233E-05, -1.2103046E-05) (-5.1070914E-05, 1.8966591E-08) 9.2160000E-01
(-2.2188748E-05, -1.0548993E-05) (-4.9863301E-05, 1.5963498E-08) 9.1428571E-01
(-1.9172261E-05, -9.1964281E-06) (-4.8694003E-05, 1.3437230E-08) 9.0708661E-01
(-1.6574839E-05, -8.0189519E-06) (-4.7561432E-05, 1.1311853E-08) 9.0000000E-01
(-1.4336807E-05, -6.9934681E-06) (-4.6464089E-05, 9.5235638E-09) 8.9302326E-01
(-1.2407209E-05, -6.1001118E-06) (-4.5400560E-05, 8.0187462E-09) 8.8615385E-01
(-1.0742462E-05, -5.3215719E-06) (-4.4369506E-05, 6.7523372E-09) 8.7938931E-01
(-9.3053086E-06, -4.6428205E-06) (-4.3369658E-05, 5.6864591E-09) 8.7272727E-01
200.000000
(-2.0197534E+01, -1.7835564E+01) (-4.1340006E-01, 1.0564669E-01) 4.9322091E+00
(-2.0102915E+01, -1.7806038E+01) (-4.2071525E-01, 1.0718193E-01) 4.9335496E+00
(-1.9821562E+01, -1.7718705E+01) (-4.2803044E-01, 1.0871717E-01) 4.9322091E+00
(-1.9360835E+01, -1.7577496E+01) (-4.3808075E-01, 1.1105764E-01) 4.9281876E+00
(-1.8732829E+01, -1.7388565E+01) (-4.5176584E-01, 1.1430473E-01) 4.9214850E+00
(-1.7954779E+01, -1.7157895E+01) (-4.6936646E-01, 1.1849981E-01) 4.9121014E+00
(-1.7051542E+01, -1.6890593E+01) (-4.9107185E-01, 1.2367596E-01) 4.9000369E+00
(-1.6048615E+01, -1.6594094E+01) (-5.1704996E-01, 1.2986420E-01) 4.8852913E+00
(-1.4974545E+01, -1.6277376E+01) (-5.4745362E-01, 1.3709246E-01) 4.8678646E+00
(-1.3861030E+01, -1.5945270E+01) (-5.8240877E-01, 1.4538195E-01) 4.8477570E+00
(-1.2740284E+01, -1.5601169E+01) (-6.2199305E-01, 1.5474213E-01) 4.8249684E+00
(-1.1646616E+01, -1.5250995E+01) (-6.6620666E-01, 1.6516412E-01) 4.7994987E+00
(-1.0610890E+01, -1.4898403E+01) (-7.1493561E-01, 1.7661289E-01) 4.7713480E+00
(-9.6572557E+00, -1.4544549E+01) (-7.6790826E-01, 1.8901834E-01) 4.7405163E+00
(-8.8073421E+00, -1.4191399E+01) (-8.2464635E-01, 2.0226568E-01) 4.7070036E+00
(-8.0789374E+00, -1.3840972E+01) (-8.8441372E-01, 2.1618607E-01) 4.6708098E+00
(-7.4830209E+00, -1.3493148E+01) (-9.4616792E-01, 2.3054850E-01) 4.6319350E+00
(-7.0221565E+00, -1.3145492E+01) (-1.0085225E+00, 2.4505461E-01) 4.5903793E+00
(-6.6934334E+00, -1.2796039E+01) (-1.0697303E+00, 2.5933836E-01) 4.5461425E+00
(-6.4912929E+00, -1.2442803E+01) (-1.1276996E+00, 2.7297226E-01) 4.4992246E+00
(-6.4030127E+00, -1.2084546E+01) (-1.1800552E+00, 2.8548175E-01) 4.4496258E+00
(-6.4132481E+00, -1.1721830E+01) (-1.2242525E+00, 2.9636804E-01) 4.3973460E+00
(-6.4997692E+00, -1.1353691E+01) (-1.2577470E+00, 3.0513843E-01) 4.3423851E+00
(-6.6385696E+00, -1.0978469E+01) (-1.2782085E+00, 3.1134133E-01) 4.2847432E+00
(-6.8095105E+00, -1.0596795E+01) (-1.2837594E+00, 3.1460184E-01) 4.2244203E+00
(-6.9994835E+00, -1.0208188E+01) (-1.2732009E+00, 3.1465289E-01) 4.1614164E+00
(-7.1838897E+00, -9.8106110E+00) (-1.2461890E+00, 3.1135777E-01) 4.0957314E+00
(-7.3399656E+00, -9.4088797E+00) (-1.2033227E+00, 3.0472141E-01) 4.0273654E+00
(-7.4482955E+00, -9.0056560E+00) (-1.1461197E+00, 2.9488989E-01) 3.9563185E+00
(-7.4971982E+00, -8.6027752E+00) (-1.0768814E+00, 2.8213972E-01) 3.8825905E+00
(-7.4899666E+00, -8.1967812E+00) (-9.9846481E-01, 2.6685933E-01) 3.8061814E+00
(-7.4209323E+00, -7.7842018E+00) (-9.1400456E-01, 2.4952507E-01) 3.7270914E+00
(-7.2862771E+00, -7.3661191E+00) (-8.2663004E-01, 2.3067328E-01) 3.6453204E+00
(-7.0860801E+00, -6.9457817E+00) (-7.3922074E-01, 2.1086960E-01) 3.5608683E+00
(-6.8240519E+00, -6.5263828E+00) (-6.5422837E-01, 1.9067677E-01) 3.4737352E+00
(-6.5103492E+00, -6.1109954E+00) (-5.7358500E-01, 1.7062340E-01) 3.3839211E+00
(-6.1553120E+00, -5.7010718E+00) (-4.9860456E-01, 1.5117436E-01) 3.2914260E+00
(-5.7687718E+00, -5.2979474E+00) (-4.3007646E-01, 1.3271200E-01) 3.2000000E+00
(-5.3606218E+00, -4.9036321E+00) (-3.6846970E-01, 1.1552564E-01) 3.1135135E+00
(-4.9408573E+00, -4.5202967E+00) (-3.1387297E-01, 9.9805139E-02) 3.0315789E+00
(-4.5190895E+00, -4.1499384E+00) (-2.6603426E-01, 8.5647317E-02) 2.9538462E+00
(-4.1038243E+00, -3.7943585E+00) (-2.2452624E-01, 7.3070337E-02) 2.8800000E+00
(-3.7024515E+00, -3.4549687E+00) (-1.8881057E-01, 6.2030012E-02) 2.8097561E+00
(-3.3206707E+00, -3.1329903E+00) (-1.5829557E-01, 5.2437196E-02) 2.7428571E+00
(-2.9627055E+00, -2.8293538E+00) (-1.3237908E-01, 4.4173998E-02) 2.6790698E+00
(-2.6314163E+00, -2.5447346E+00) (-1.1047815E-01, 3.7107501E-02) 2.6181818E+00
(-2.3282189E+00, -2.2795465E+00) (-9.2047928E-02, 3.1100440E-02) 2.5600000E+00
(-2.0535624E+00, -2.0339233E+00) (-7.6592242E-02, 2.6018841E-02) 2.5043478E+00
(-1.8069250E+00, -1.8077867E+00) (-6.3668189E-02, 2.1737007E-02) 2.4510638E+00
(-1.5871402E+00, -1.6007612E+00) (-5.2886494E-02, 1.8140361E-02) 2.4000000E+00
(-1.3926039E+00, -1.4123141E+00) (-4.3909208E-02, 1.5126708E-02) 2.3510204E+00
(-1.2213274E+00, -1.2416906E+00) (-3.6445819E-02, 1.2606392E-02) 2.3040000E+00
(-1.0712619E+00, -1.0880187E+00) (-3.0248564E-02, 1.0501754E-02) 2.2588235E+00
(-9.4023514E-01, -9.5028054E-01) (-2.5107499E-02, 8.7461882E-03) 2.2153846E+00
(-8.2611914E-01, -8.2741366E-01) (-2.0845645E-02, 7.2829983E-03) 2.1735849E+00
(-7.2696041E-01, -7.1830615E-01) (-1.7314446E-02, 6.0642104E-03) 2.1333333E+00
(-6.4081534E-01, -6.2179930E-01) (-1.4389631E-02, 5.0494136E-03) 2.0945455E+00
(-5.6601892E-01, -5.3679028E-01) (-1.1967535E-02, 4.2046866E-03) 2.0571429E+00
(-5.0104930E-01, -4.6218062E-01) (-9.9618733E-03, 3.5016314E-03) 2.0210526E+00
(-4.4449806E-01, -3.9691692E-01) (-8.3009589E-03, 2.9165223E-03) 1.9862069E+00
(-3.9518904E-01, -3.4002670E-01) (-6.9253186E-03, 2.4295671E-03) 1.9525424E+00
(-3.5210409E-01, -2.9058820E-01) (-5.7856679E-03, 2.0242740E-03) 1.9200000E+00
(-3.1433778E-01, -2.4774564E-01) (-4.8412015E-03, 1.6869123E-03) 1.8885246E+00
(-2.8110374E-01, -2.1072170E-01) (-4.0581576E-03, 1.4060567E-03) 1.8580645E+00
(-2.5176402E-01, -1.7881827E-01) (-3.4086160E-03, 1.1722046E-03) 1.8285714E+00
(-2.2577300E-01, -1.5139725E-01) (-2.8694954E-03, 9.7745397E-04) 1.8000000E+00
(-2.0266194E-01, -1.2788437E-01) (-2.4217198E-03, 8.1523491E-04) 1.7723077E+00
(-1.8203383E-01, -1.0777185E-01) (-2.0495249E-03, 6.8008535E-04) 1.7454545E+00
(-1.6355363E-01, -9.0609449E-02) (-1.7398844E-03, 5.6746409E-04) 1.7194030E+00
(-1.4694860E-01, -7.6002798E-02) (-1.4820338E-03, 4.7359531E-04) 1.6941176E+00
(-1.3199077E-01, -6.3600828E-02) (-1.2670771E-03, 3.9533919E-04) 1.6695652E+00
(-1.1848507E-01, -5.3094991E-02) (-1.0876613E-03, 3.3008440E-04) 1.6457143E+00
(-1.0626649E-01, -4.4216855E-02) (-9.3770802E-04, 2.7565874E-04) 1.6225352E+00
(-9.5196523E-02, -3.6733408E-02) (-8.1219100E-04, 2.3025499E-04) 1.6000000E+00
(-8.5158029E-02, -3.0442335E-02) (-7.0695315E-04, 1.9236921E-04) 1.5780822E+00
(-7.6050622E-02, -2.5167984E-02) (-6.1855523E-04, 1.6074963E-04) 1.5567568E+00
(-6.7788141E-02, -2.0758756E-02) (-5.4415092E-04, 1.3435411E-04) 1.5360000E+00
(-6.0297674E-02, -1.7083492E-02) (-4.8138385E-04, 1.1231480E-04) 1.5157895E+00
(-5.3514076E-02, -1.4028701E-02) (-4.2830246E-04, 9.3908894E-05) 1.4961039E+00
(-4.7379391E-02, -1.1496909E-02) (-3.8328985E-04, 7.8534168E-05) 1.4769231E+00
(-4.1841433E-02, -9.4050209E-03) (-3.4500576E-04, 6.5688799E-05) 1.4582278E+00
(-3.6853134E-02, -7.6818689E-03) (-3.1233875E-04, 5.4954504E-05) 1.4400000E+00
(-3.2371292E-02, -6.2668145E-03) (-2.8436668E-04, 4.5982558E-05) 1.4222222E+00
(-2.8355773E-02, -5.1083881E-03) (-2.6032400E-04, 3.8482158E-05) 1.4048780E+00
(-2.4768818E-02, -4.1628523E-03) (-2.3957487E-04, 3.2210744E-05) 1.3879518E+00
(-2.1575344E-02, -3.3932681E-03) (-2.2159076E-04, 2.6965953E-05) 1.3714286E+00
(-1.8741703E-02, -2.7683259E-03) (-2.0593213E-04, 2.2578918E-05) 1.3552941E+00
(-1.6236294E-02, -2.2619754E-03) (-1.9223311E-04, 1.8908693E-05) 1.3395349E+00
(-1.4029139E-02, -1.8525047E-03) (-1.8018894E-04, 1.5837609E-05) 1.3241379E+00
(-1.2091549E-02, -1.5216602E-03) (-1.6954556E-04, 1.3267412E-05) 1.3090909E+00
(-1.0396785E-02, -1.2544525E-03) (-1.6009094E-04, 1.1116038E-05) 1.2943820E+00
(-8.9199021E-03, -1.0386228E-03) (-1.5164795E-04, 9.3149370E-06) 1.2800000E+00
(-7.6373425E-03, -8.6404964E-04) (-1.4406846E-04, 7.8068294E-06) 1.2659341E+00
(-6.5270841E-03, -7.2243687E-04) (-1.3722845E-04, 6.5438479E-06) 1.2521739E+00
(-5.5690038E-03, -6.0719345E-04) (-1.3102392E-04, 5.4859815E-06) 1.2387097E+00
(-4.7447814E-03, -5.1308569E-04) (-1.2536752E-04, 4.5997797E-06) 1.2255319E+00
(-4.0376849E-03, -4.3589428E-04) (-1.2018581E-04, 3.8572716E-06) 1.2126316E+00
(-3.4325619E-03, -3.7222024E-04) (-1.1541690E-04, 3.2350641E-06) 1.2000000E+00
(-2.9157779E-03, -3.1933329E-04) (-1.1100853E-04, 2.7135888E-06) 1.1876289E+00
(-2.4752801E-03, -2.7510061E-04) (-1.0691650E-04, 2.2764739E-06) 1.1755102E+00
(-2.1004730E-03, -2.3788619E-04) (-1.0310332E-04, 1.9100199E-06) 1.1636364E+00
(-1.7820343E-03, -2.0639061E-04) (-9.9537109E-05, 1.6027608E-06) 1.1520000E+00
(-1.5118104E-03, -1.7958259E-04) (-9.6190714E-05, 1.3450991E-06) 1.1405941E+00
(-1.2827094E-03, -1.5663861E-04) (-9.3040903E-05, 1.1289994E-06) 1.1294118E+00
(-1.0885954E-03, -1.3689881E-04) (-9.0067758E-05, 9.4773336E-07) 1.1184466E+00
(-9.2418135E-04, -1.1983075E-04) (-8.7254137E-05, 7.9566597E-07) 1.1076923E+00
(-7.8493503E-04, -1.0500679E-04) (-8.4585238E-05, 6.6807738E-07) 1.0971429E+00
(-6.6701077E-04, -9.2092596E-05) (-8.2048227E-05, 5.6101351E-07) 1.0867925E+00
(-5.6713732E-04, -8.0815869E-05) (-7.9631939E-05, 4.7116138E-07) 1.0766355E+00
(-4.8253275E-04, -7.0951496E-05) (-7.7326615E-05, 3.9574469E-07) 1.0666667E+00
(-4.1083801E-04, -6.2310263E-05) (-7.5123690E-05, 3.3243660E-07) 1.0568807E+00
(-3.5005545E-04, -5.4732084E-05) (-7.3015617E-05, 2.7928664E-07) 1.0472727E+00
(-2.9849543E-04, -4.8081499E-05) (-7.0995713E-05, 2.3465964E-07) 1.0378378E+00
(-2.5473142E-04, -4.2241248E-05) (-6.9058034E-05, 1.9718454E-07) 1.0285714E+00
(-2.1755898E-04, -3.7110647E-05) (-6.7197271E-05, 1.6571159E-07) 1.0194690E+00
(-1.8596211E-04, -3.2601927E-05) (-6.5408659E-05, 1.3927649E-07) 1.0105263E+00
(-1.5908301E-04, -2.8639479E-05) (-6.3687905E-05, 1.1707038E-07) 1.0017391E+00
(-1.3619823E-04, -2.5156656E-05) (-6.2031119E-05, 9.8414674E-08) 9.9310345E-01
(-1.1669759E-04, -2.2094811E-05) (-6.0434767E-05, 8.2740044E-08) 9.8461538E-01
(-1.0006568E-04, -1.9402586E-05) (-5.8895624E-05, 6.9568732E-08) 9.7627119E-01
(-8.5868119E-05, -1.7035452E-05) (-5.7410731E-05, 5.8499789E-08) 9.6806723E-01
(-7.3738762E-05, -1.4954630E-05) (-5.5977371E-05, 4.9196681E-08) 9.6000000E-01
(-6.3368011E-05, -1.3125925E-05) (-5.4593032E-05, 4.1376911E-08) 9.5206612E-01
(-5.4493811E-05, -1.1519156E-05) (-5.3255390E-05, 3.4803307E-08) 9.4426230E-01
(-4.6894142E-05, -1.0107799E-05) (-5.1962285E-05, 2.9276735E-08) 9.3658537E-01
(-4.0381001E-05, -8.8682621E-06) (-5.0711705E-05, 2.4629972E-08) 9.2903226E-01
(-3.4794794E-05, -7.7798414E-06) (-4.9501770E-05, 2.0722580E-08) 9.2160000E-01
(-3.0000064E-05, -6.8243025E-06) (-4.8330721E-05, 1.7436603E-08) 9.1428571E-01
(-2.5881673E-05, -5.9854906E-06) (-4.7196905E-05, 1.4672955E-08) 9.0708661E-01
(-2.2341705E-05, -5.2493066E-06) (-4.6098768E-05, 1.2348393E-08) 9.0000000E-01
(-1.9296838E-05, -4.6031332E-06) (-4.5034846E-05, 1.0392978E-08) 8.9302326E-01
(-1.6676061E-05, -4.0360211E-06) (-4.4003756E-05, 8.7479408E-09) 8.8615385E-01
(-1.4418802E-05, -3.5382653E-06) (-4.3004190E-05, 7.3638923E-09) 8.7938931E-01
(-1.2473375E-05, -3.1013290E-06) (-4.2034911E-05, 6.1993244E-09) 8.7272727E-01
225.000000
(-2.0197534E+01, -1.7835564E+01) (-4.0298555E-01, 1.1370917E-01) 4.9322091E+00
(-2.0102915E+01, -1.7806038E+01) (-4.0997038E-01, 1.1531469E-01) 4.9335496E+00
(-1.9821562E+01, -1.7718705E+01) (-4.1695521E-01, 1.1692021E-01) 4.9322091E+00
(-1.9360835E+01, -1.7577496E+01) (-4.2654056E-01, 1.1937550E-01) 4.9281876E+00
(-1.8732829E+01, -1.7388565E+01) (-4.3958409E-01, 1.2278213E-01) 4.9214850E+00
(-1.7954779E+01, -1.7157895E+01) (-4.5634735E-01, 1.2718073E-01) 4.9121014E+00
(-1.7051542E+01, -1.6890593E+01) (-4.7700202E-01, 1.3260305E-01) 4.9000369E+00
(-1.6048615E+01, -1.6594094E+01) (-5.0169694E-01, 1.3907810E-01) 4.8852913E+00
(-1.4974545E+01, -1.6277376E+01) (-5.3056399E-01, 1.4663092E-01) 4.8678646E+00
(-1.3861030E+01, -1.5945270E+01) (-5.6370685E-01, 1.5527877E-01) 4.8477570E+00
(-1.2740284E+01, -1.5601169E+01) (-6.0118072E-01, 1.6502578E-01) 4.8249684E+00
(-1.1646616E+01, -1.5250995E+01) (-6.4296483E-01, 1.7585617E-01) 4.7994987E+00
(-1.0610890E+01, -1.4898403E+01) (-6.8892822E-01, 1.8772614E-01) 4.7713480E+00
(-9.6572557E+00, -1.4544549E+01) (-7.3878941E-01, 2.0055481E-01) 4.7405163E+00
(-8.8073421E+00, -1.4191399E+01) (-7.9207160E-01, 2.1421450E-01) 4.7070036E+00
(-8.0789374E+00, -1.3840972E+01) (-8.4805622E-01, 2.2852143E-01) 4.6708098E+00
(-7.4830209E+00, -1.3493148E+01) (-9.0573999E-01, 2.4322780E-01) 4.6319350E+00
(-7.0221565E+00, -1.3145492E+01) (-9.6380266E-01, 2.5801714E-01) 4.5903793E+00
(-6.6934334E+00, -1.2796039E+01) (-1.0205948E+00, 2.7250461E-01) 4.5461425E+00
(-6.4912929E+00, -1.2442803E+01) (-1.0741568E+00, 2.8624416E-01) 4.4992246E+00
(-6.4030127E+00, -1.2084546E+01) (-1.1222785E+00, 2.9874398E-01) 4.4496258E+00
(-6.4132481E+00, -1.1721830E+01) (-1.1626083E+00, 3.0949054E-01) 4.3973460E+00
(-6.4997692E+00, -1.1353691E+01) (-1.1928106E+00, 3.1798018E-01) 4.3423851E+00
(-6.6385696E+00, -1.0978469E+01) (-1.2107629E+00, 3.2375537E-01) 4.2847432E+00
(-6.8095105E+00, -1.0596795E+01) (-1.2147724E+00, 3.2644144E-01) 4.2244203E+00
(-6.9994835E+00, -1.0208188E+01) (-1.2037797E+00, 3.2577888E-01) 4.1614164E+00
(-7.1838897E+00, -9.8106110E+00) (-1.1775143E+00, 3.2164662E-01) 4.0957314E+00
(-7.3399656E+00, -9.4088797E+00) (-1.1365698E+00, 3.1407360E-01) 4.0273654E+00
(-7.4482955E+00, -9.0056560E+00) (-1.0823773E+00, 3.0323772E-01) 3.9563185E+00
(-7.4971982E+00, -8.6027752E+00) (-1.0170786E+00, 2.8945336E-01) 3.8825905E+00
(-7.4899666E+00, -8.1967812E+00) (-9.4331802E-01, 2.7314986E-01) 3.8061814E+00
(-7.4209323E+00, -7.7842018E+00) (-8.6398837E-01, 2.5484346E-01) 3.7270914E+00
(-7.2862771E+00, -7.3661191E+00) (-7.8197492E-01, 2.3510501E-01) 3.6453204E+00
(-7.0860801E+00, -6.9457817E+00) (-6.9993336E-01, 2.1452545E-01) 3.5608683E+00
(-6.8240519E+00, -6.5263828E+00) (-6.2012830E-01, 1.9368130E-01) 3.4737352E+00
(-6.5103492E+00, -6.1109954E+00) (-5.4434982E-01, 1.7310294E-01) 3.3839211E+00
(-6.1553120E+00, -5.7010718E+00) (-4.7381859E-01, 1.5324656E-01) 3.2914260E+00
(-5.7687718E+00, -5.2979474E+00) (-4.0927362E-01, 1.3447828E-01) 3.2000000E+00
(-5.3606218E+00, -4.9036321E+00) (-3.5116492E-01, 1.1706723E-01) 3.1135135E+00
(-4.9408573E+00, -4.5202967E+00) (-2.9958985E-01, 1.0118242E-01) 3.0315789E+00
(-4.5190895E+00, -4.1499384E+00) (-2.5432586E-01, 8.6901730E-02) 2.9538462E+00
(-4.1038243E+00, -3.7943585E+00) (-2.1498613E-01, 7.4227858E-02) 2.8800000E+00
(-3.7024515E+00, -3.4549687E+00) (-1.8107820E-01, 6.3105180E-02) 2.8097561E+00
(-3.3206707E+00, -3.1329903E+00) (-1.5205747E-01, 5.3436967E-02) 2.7428571E+00
(-2.9627055E+00, -2.8293538E+00) (-1.2736712E-01, 4.5100954E-02) 2.6790698E+00
(-2.6314163E+00, -2.5447346E+00) (-1.0646600E-01, 3.7962248E-02) 2.6181818E+00
(-2.3282189E+00, -2.2795465E+00) (-8.8846643E-02, 3.1883192E-02) 2.5600000E+00
(-2.0535624E+00, -2.0339233E+00) (-7.4045545E-02, 2.6730340E-02) 2.5043478E+00
(-1.8069250E+00, -1.8077867E+00) (-6.1647783E-02, 2.2378930E-02) 2.4510638E+00
(-1.5871402E+00, -1.6007612E+00) (-5.1287729E-02, 1.8715397E-02) 2.4000000E+00
(-1.3926039E+00, -1.4123141E+00) (-4.2647177E-02, 1.5638432E-02) 2.3510204E+00
(-1.2213274E+00, -1.2416906E+00) (-3.5451946E-02, 1.3059046E-02) 2.3040000E+00
(-1.0712619E+00, -1.0880187E+00) (-2.9467682E-02, 1.0900008E-02) 2.2588235E+00
(-9.4023514E-01, -9.5028054E-01) (-2.4495371E-02, 9.0949106E-03) 2.2153846E+00
(-8.2611914E-01, -8.2741366E-01) (-2.0366908E-02, 7.5870695E-03) 2.1735849E+00
(-7.2696041E-01, -7.1830615E-01) (-1.6940904E-02, 6.3283733E-03) 2.1333333E+00
(-6.4081534E-01, -6.2179930E-01) (-1.4098854E-02, 5.2781692E-03) 2.0945455E+00
(-5.6601892E-01, -5.3679028E-01) (-1.1741720E-02, 4.4022263E-03) 2.0571429E+00
(-5.0104930E-01, -4.6218062E-01) (-9.7869224E-03, 3.6717991E-03) 2.0210526E+00
(-4.4449806E-01, -3.9691692E-01) (-8.1657285E-03, 3.0627997E-03) 1.9862069E+00
(-3.9518904E-01, -3.4002670E-01) (-6.8210197E-03, 2.5550756E-03) 1.9525424E+00
(-3.5210409E-01, -2.9058820E-01) (-5.7053828E-03, 2.1317887E-03) 1.9200000E+00
(-3.1433778E-01, -2.4774564E-01) (-4.7794978E-03, 1.7788828E-03) 1.8885246E+00
(-2.8110374E-01, -2.1072170E-01) (-4.0107787E-03, 1.4846333E-03) 1.8580645E+00
(-2.5176402E-01, -1.7881827E-01) (-3.3722354E-03, 1.2392650E-03) 1.8285714E+00
(-2.2577300E-01, -1.5139725E-01) (-2.8415206E-03, 1.0346313E-03) 1.8000000E+00
(-2.0266194E-01, -1.2788437E-01) (-2.4001362E-03, 8.6394454E-04) 1.7723077E+00
(-1.8203383E-01, -1.0777185E-01) (-2.0327726E-03, 7.2155020E-04) 1.7454545E+00
(-1.6355363E-01, -9.0609449E-02) (-1.7267599E-03, 6.0273818E-04) 1.7194030E+00
(-1.4694860E-01, -7.6002798E-02) (-1.4716128E-03, 5.0358505E-04) 1.6941176E+00
(-1.3199077E-01, -6.3600828E-02) (-1.2586530E-03, 4.2082260E-04) 1.6695652E+00
(-1.1848507E-01, -5.3094991E-02) (-1.0806973E-03, 3.5172818E-04) 1.6457143E+00
(-1.0626649E-01, -4.4216855E-02) (-9.3179884E-04, 2.9403342E-04) 1.6225352E+00
(-9.5196523E-02, -3.6733408E-02) (-8.0703309E-04, 2.4584815E-04) 1.6000000E+00
(-8.5158029E-02, -3.0442335E-02) (-7.0232137E-04, 2.0559716E-04) 1.5780822E+00
(-7.6050622E-02, -2.5167984E-02) (-6.1428448E-04, 1.7196743E-04) 1.5567568E+00
(-6.7788141E-02, -2.0758756E-02) (-5.4012193E-04, 1.4386433E-04) 1.5360000E+00
(-6.0297674E-02, -1.7083492E-02) (-4.7751198E-04, 1.2037512E-04) 1.5157895E+00
(-5.3514076E-02, -1.4028701E-02) (-4.2452915E-04, 1.0073859E-04) 1.4961039E+00
(-4.7379391E-02, -1.1496909E-02) (-3.7957595E-04, 8.4319731E-05) 1.4769231E+00
(-4.1841433E-02, -9.4050209E-03) (-3.4132641E-04, 7.0588761E-05) 1.4582278E+00
(-3.6853134E-02, -7.6818689E-03) (-3.0867947E-04, 5.9103554E-05) 1.4400000E+00
(-3.2371292E-02, -6.2668145E-03) (-2.8072037E-04, 4.9495081E-05) 1.4222222E+00
(-2.8355773E-02, -5.1083881E-03) (-2.5668872E-04, 4.1455256E-05) 1.4048780E+00
(-2.4768818E-02, -4.1628523E-03) (-2.3595211E-04, 3.4726819E-05) 1.3879518E+00
(-2.1575344E-02, -3.3932681E-03) (-2.1798424E-04, 2.9094907E-05) 1.3714286E+00
(-1.8741703E-02, -2.7683259E-03) (-2.0234684E-04, 2.4380032E-05) 1.3552941E+00
(-1.6236294E-02, -2.2619754E-03) (-1.8867468E-04, 2.0432225E-05) 1.3395349E+00
(-1.4029139E-02, -1.8525047E-03) (-1.7666315E-04, 1.7126157E-05) 1.3241379E+00
(-1.2091549E-02, -1.5216602E-03) (-1.6605803E-04, 1.4357072E-05) 1.3090909E+00
(-1.0396785E-02, -1.2544525E-03) (-1.5664690E-04, 1.2037391E-05) 1.2943820E+00
(-8.9199021E-03, -1.0386228E-03) (-1.4825215E-04, 1.0093883E-05) 1.2800000E+00
(-7.6373425E-03, -8.6404964E-04) (-1.4072509E-04, 8.4653020E-06) 1.2659341E+00
(-6.5270841E-03, -7.2243687E-04) (-1.3394108E-04, 7.1004169E-06) 1.2521739E+00
(-5.5690038E-03, -6.0719345E-04) (-1.2779552E-04, 5.9563661E-06) 1.2387097E+00
(-4.7447814E-03, -5.1308569E-04) (-1.2220051E-04, 4.9972842E-06) 1.2255319E+00
(-4.0376849E-03, -4.3589428E-04) (-1.1708206E-04, 4.1931541E-06) 1.2126316E+00
(-3.4325619E-03, -3.7222024E-04) (-1.1237778E-04, 3.5188498E-06) 1.2000000E+00
(-2.9157779E-03, -3.1933329E-04) (-1.0803497E-04, 2.9533358E-06) 1.1876289E+00
(-2.4752801E-03, -2.7510061E-04) (-1.0400903E-04, 2.4789981E-06) 1.1755102E+00
(-2.1004730E-03, -2.3788619E-04) (-1.0026210E-04, 2.0810855E-06) 1.1636364E+00
(-1.7820343E-03, -2.0639061E-04) (-9.6762018E-05, 1.7472422E-06) 1.1520000E+00
(-1.5118104E-03, -1.7958259E-04) (-9.3481352E-05, 1.4671176E-06) 1.1405941E+00
(-1.2827094E-03, -1.5663861E-04) (-9.0396649E-05, 1.2320392E-06) 1.1294118E+00
(-1.0885954E-03, -1.3689881E-04) (-8.7487800E-05, 1.0347397E-06) 1.1184466E+00
(-9.2418135E-04, -1.1983075E-04) (-8.4737507E-05, 8.6912831E-07) 1.1076923E+00
(-7.8493503E-04, -1.0500679E-04) (-8.2130839E-05, 7.3009957E-07) 1.0971429E+00
(-6.6701077E-04, -9.2092596E-05) (-7.9654862E-05, 6.1337344E-07) 1.0867925E+00
(-5.6713732E-04, -8.0815869E-05) (-7.7298327E-05, 5.1536127E-07) 1.0766355E+00
(-4.8253275E-04, -7.0951496E-05) (-7.5051416E-05, 4.3305377E-07) 1.0666667E+00
(-4.1083801E-04, -6.2310263E-05) (-7.2905520E-05, 3.6392712E-07) 1.0568807E+00
(-3.5005545E-04, -5.4732084E-05) (-7.0853062E-05, 3.0586437E-07) 1.0472727E+00
(-2.9849543E-04, -4.8081499E-05) (-6.8887341E-05, 2.5708963E-07) 1.0378378E+00
(-2.5473142E-04, -4.2241248E-05) (-6.7002408E-05, 2.1611296E-07) 1.0285714E+00
(-2.1755898E-04, -3.7110647E-05) (-6.5192955E-05, 1.8168414E-07) 1.0194690E+00
(-1.8596211E-04, -3.2601927E-05) (-6.3454227E-05, 1.5275398E-07) 1.0105263E+00
(-1.5908301E-04, -2.8639479E-05) (-6.1781944E-05, 1.2844193E-07) 1.0017391E+00
(-1.3619823E-04, -2.5156656E-05) (-6.0172239E-05, 1.0800884E-07) 9.9310345E-01
(-1.1669759E-04, -2.2094811E-05) (-5.8621601E-05, 9.0834192E-08) 9.8461538E-01
(-1.0006568E-04, -1.9402586E-05) (-5.7126832E-05, 7.6397030E-08) 9.7627119E-01
(-8.5868119E-05, -1.7035452E-05) (-5.5685006E-05, 6.4259909E-08) 9.6806723E-01
(-7.3738762E-05, -1.4954630E-05) (-5.4293433E-05, 5.4055481E-08) 9.6000000E-01
(-6.3368011E-05, -1.3125925E-05) (-5.2949638E-05, 4.5475223E-08) 9.5206612E-01
(-5.4493811E-05, -1.1519156E-05) (-5.1651329E-05, 3.8259996E-08) 9.4426230E-01
(-4.6894142E-05, -1.0107799E-05) (-5.0396381E-05, 3.2192114E-08) 9.3658537E-01
(-4.0381001E-05, -8.8682621E-06) (-4.9182817E-05, 2.7088695E-08) 9.2903226E-01
(-3.4794794E-05, -7.7798414E-06) (-4.8008792E-05, 2.2796082E-08) 9.2160000E-01
(-3.0000064E-05, -6.8243025E-06) (-4.6872580E-05, 1.9185161E-08) 9.1428571E-01
(-2.5881673E-05, -5.9854906E-06) (-4.5772563E-05, 1.6147426E-08) 9.0708661E-01
(-2.2341705E-05, -5.2493066E-06) (-4.4707221E-05, 1.3591688E-08) 9.0000000E-01
(-1.9296838E-05, -4.6031332E-06) (-4.3675122E-05, 1.1441297E-08) 8.9302326E-01
(-1.6676061E-05, -4.0360211E-06) (-4.2674916E-05, 9.6318224E-09) 8.8615385E-01
(-1.4418802E-05, -3.5382653E-06) (-4.1705326E-05, 8.1090998E-09) 8.7938931E-01
(-1.2473375E-05, -3.1013290E-06) (-4.0765145E-05, 6.8275892E-09) 8.7272727E-01
250.000000
(-2.0197534E+01, -1.7835564E+01) (-3.8896848E-01, 1.2038667E-01) 4.9322091E+00
(-2.0102915E+01, -1.7806038E+01) (-3.9561274E-01, 1.2203920E-01) 4.9335496E+00
(-1.9821562E+01, -1.7718705E+01) (-4.0225699E-01, 1.2369172E-01) 4.9322091E+00
(-1.9360835E+01, -1.7577496E+01) (-4.1135676E-01, 1.2622588E-01) 4.9281876E+00
(-1.8732829E+01, -1.7388565E+01) (-4.2373083E-01, 1.2974212E-01) 4.9214850E+00
(-1.7954779E+01, -1.7157895E+01) (-4.3962425E-01, 1.3427974E-01) 4.9121014E+00
(-1.7051542E+01, -1.6890593E+01) (-4.5919433E-01, 1.3986871E-01) 4.9000369E+00
(-1.6048615E+01, -1.6594094E+01) (-4.8257494E-01, 1.4653568E-01) 4.8852913E+00
(-1.4974545E+01, -1.6277376E+01) (-5.0988219E-01, 1.5430248E-01) 4.8678646E+00
(-1.3861030E+01, -1.5945270E+01) (-5.4120390E-01, 1.6318226E-01) 4.8477570E+00
(-1.2740284E+01, -1.5601169E+01) (-5.7658049E-01, 1.7317394E-01) 4.8249684E+00
(-1.1646616E+01, -1.5250995E+01) (-6.1597932E-01, 1.8425523E-01) 4.7994987E+00
(-1.0610890E+01, -1.4898403E+01) (-6.5926278E-01, 1.9637446E-01) 4.7713480E+00
(-9.6572557E+00, -1.4544549E+01) (-7.0615097E-01, 2.0944142E-01) 4.7405163E+00
(-8.8073421E+00, -1.4191399E+01) (-7.5618044E-01, 2.2331768E-01) 4.7070036E+00
(-8.0789374E+00, -1.3840972E+01) (-8.0866190E-01, 2.3780743E-01) 4.6708098E+00
(-7.4830209E+00, -1.3493148E+01) (-8.6264145E-01, 2.5264985E-01) 4.6319350E+00
(-7.0221565E+00, -1.3145492E+01) (-9.1687225E-01, 2.6751495E-01) 4.5903793E+00
(-6.6934334E+00, -1.2796039E+01) (-9.6980515E-01, 2.8200443E-01) 4.5461425E+00
(-6.4912929E+00, -1.2442803E+01) (-1.0196080E+00, 2.9565966E-01) 4.4992246E+00
(-6.4030127E+00, -1.2084546E+01) (-1.0642234E+00, 3.0797800E-01) 4.4496258E+00
(-6.4132481E+00, -1.1721830E+01) (-1.1014701E+00, 3.1843784E-01) 4.3973460E+00
(-6.4997692E+00, -1.1353691E+01) (-1.1291898E+00, 3.2653109E-01) 4.3423851E+00
(-6.6385696E+00, -1.0978469E+01) (-1.1454285E+00, 3.3180052E-01) 4.2847432E+00
(-6.8095105E+00, -1.0596795E+01) (-1.1486348E+00, 3.3387737E-01) 4.2244203E+00
(-6.9994835E+00, -1.0208188E+01) (-1.1378456E+00, 3.3251436E-01) 4.1614164E+00
(-7.1838897E+00, -9.8106110E+00) (-1.1128267E+00, 3.2760939E-01) 4.0957314E+00
(-7.3399656E+00, -9.4088797E+00) (-1.0741403E+00, 3.1921689E-01) 4.0273654E+00
(-7.4482955E+00, -9.0056560E+00) (-1.0231193E+00, 3.0754561E-01) 3.9563185E+00
(-7.4971982E+00, -8.6027752E+00) (-9.6175043E-01, 2.9294399E-01) 3.8825905E+00
(-7.4899666E+00, -8.1967812E+00) (-8.9248311E-01, 2.7587540E-01) 3.8061814E+00
(-7.4209323E+00, -7.7842018E+00) (-8.1799766E-01, 2.5688637E-01) 3.7270914E+00
(-7.2862771E+00, -7.3661191E+00) (-7.4097008E-01, 2.3657066E-01) 3.6453204E+00
(-7.0860801E+00, -6.9457817E+00) (-6.6386824E-01, 2.1553211E-01) 3.5608683E+00
(-6.8240519E+00, -6.5263828E+00) (-5.8880252E-01, 1.9434911E-01) 3.4737352E+00
(-6.5103492E+00, -6.1109954E+00) (-5.1744803E-01, 1.7354365E-01) 3.3839211E+00
(-6.1553120E+00, -5.7010718E+00) (-4.5095221E-01, 1.5355565E-01) 3.2914260E+00
(-5.7687718E+00, -5.2979474E+00) (-3.9001650E-01, 1.3473032E-01) 3.2000000E+00
(-5.3606218E+00, -4.9036321E+00) (-3.3507882E-01, 1.1731462E-01) 3.1135135E+00
(-4.9408573E+00, -4.5202967E+00) (-2.8624715E-01, 1.0145705E-01) 3.0315789E+00
(-4.5190895E+00, -4.1499384E+00) (-2.4332676E-01, 8.7218404E-02) 2.9538462E+00
(-4.1038243E+00, -3.7943585E+00) (-2.0596740E-01, 7.4588670E-02) 2.8800000E+00
(-3.7024515E+00, -3.4549687E+00) (-1.7371745E-01, 6.3503867E-02) 2.8097561E+00
(-3.3206707E+00, -3.1329903E+00) (-1.4607387E-01, 5.3862684E-02) 2.7428571E+00
(-2.9627055E+00, -2.8293538E+00) (-1.2251977E-01, 4.5541193E-02) 2.6790698E+00
(-2.6314163E+00, -2.5447346E+00) (-1.0255081E-01, 3.8404844E-02) 2.6181818E+00
(-2.3282189E+00, -2.2795465E+00) (-8.5692513E-02, 3.2317530E-02) 2.5600000E+00
(-2.0535624E+00, -2.0339233E+00) (-7.1510224E-02, 2.7147925E-02) 2.5043478E+00
(-1.8069250E+00, -1.8077867E+00) (-5.9613859E-02, 2.2773517E-02) 2.4510638E+00
(-1.5871402E+00, -1.6007612E+00) (-4.9658855E-02, 1.9082848E-02) 2.4000000E+00
(-1.3926039E+00, -1.4123141E+00) (-4.1344681E-02, 1.5976420E-02) 2.3510204E+00
(-1.2213274E+00, -1.2416906E+00) (-3.4411849E-02, 1.3366713E-02) 2.3040000E+00
(-1.0712619E+00, -1.0880187E+00) (-2.8638132E-02, 1.1177614E-02) 2.2588235E+00
(-9.4023514E-01, -9.5028054E-01) (-2.3834468E-02, 9.3435251E-03) 2.2153846E+00
(-8.2611914E-01, -8.2741366E-01) (-1.9840876E-02, 7.8083051E-03) 2.1735849E+00
(-7.2696041E-01, -7.1830615E-01) (-1.6522572E-02, 6.5241769E-03) 2.1333333E+00
(-6.4081534E-01, -6.2179930E-01) (-1.3766410E-02, 5.4506591E-03) 2.0945455E+00
(-5.6601892E-01, -5.3679028E-01) (-1.1477679E-02, 4.5535714E-03) 2.0571429E+00
(-5.0104930E-01, -4.6218062E-01) (-9.5772870E-03, 3.8041341E-03) 2.0210526E+00
(-4.4449806E-01, -3.9691692E-01) (-7.9993127E-03, 3.1781673E-03) 1.9862069E+00
(-3.9518904E-01, -3.4002670E-01) (-6.6888934E-03, 2.6553908E-03) 1.9525424E+00
(-3.5210409E-01, -2.9058820E-01) (-5.6004262E-03, 2.2188181E-03) 1.9200000E+00
(-3.1433778E-01, -2.4774564E-01) (-4.6960413E-03, 1.8542366E-03) 1.8885246E+00
(-2.8110374E-01, -2.1072170E-01) (-3.9443131E-03, 1.5497641E-03) 1.8580645E+00
(-2.5176402E-01, -1.7881827E-01) (-3.3191789E-03, 1.2954731E-03) 1.8285714E+00
(-2.2577300E-01, -1.5139725E-01) (-2.7990318E-03, 1.0830728E-03) 1.8000000E+00
(-2.0266194E-01, -1.2788437E-01) (-2.3659641E-03, 9.0564174E-04) 1.7723077E+00
(-1.8203383E-01, -1.0777185E-01) (-2.0051365E-03, 7.5740300E-04) 1.7454545E+00
(-1.6355363E-01, -9.0609449E-02) (-1.7042535E-03, 6.3353557E-04) 1.7194030E+00
(-1.4694860E-01, -7.6002798E-02) (-1.4531271E-03, 5.3001649E-04) 1.6941176E+00
(-1.3199077E-01, -6.3600828E-02) (-1.2433152E-03, 4.4348886E-04) 1.6695652E+00
(-1.1848507E-01, -5.3094991E-02) (-1.0678218E-03, 3.7115146E-04) 1.6457143E+00
(-1.0626649E-01, -4.4216855E-02) (-9.2084808E-04, 3.1066665E-04) 1.6225352E+00
(-9.5196523E-02, -3.6733408E-02) (-7.9758680E-04, 2.6008343E-04) 1.6000000E+00
(-8.5158029E-02, -3.0442335E-02) (-6.9405163E-04, 2.1777336E-04) 1.5780822E+00
(-7.6050622E-02, -2.5167984E-02) (-6.0693619E-04, 1.8237700E-04) 1.5567568E+00
(-6.7788141E-02, -2.0758756E-02) (-5.3349716E-04, 1.5275934E-04) 1.5360000E+00
(-6.0297674E-02, -1.7083492E-02) (-4.7145771E-04, 1.2797256E-04) 1.5157895E+00
(-5.3514076E-02, -1.4028701E-02) (-4.1892744E-04, 1.0722505E-04) 1.4961039E+00
(-4.7379391E-02, -1.1496909E-02) (-3.7433625E-04, 8.9855552E-05) 1.4769231E+00
(-4.1841433E-02, -9.4050209E-03) (-3.3637947E-04, 7.5311554E-05) 1.4582278E+00
(-3.6853134E-02, -7.6818689E-03) (-3.0397254E-04, 6.3131364E-05) 1.4400000E+00
(-3.2371292E-02, -6.2668145E-03) (-2.7621344E-04, 5.2929086E-05) 1.4222222E+00
(-2.8355773E-02, -5.1083881E-03) (-2.5235157E-04, 4.4382122E-05) 1.4048780E+00
(-2.4768818E-02, -4.1628523E-03) (-2.3176202E-04, 3.7220736E-05) 1.3879518E+00
(-2.1575344E-02, -3.3932681E-03) (-2.1392417E-04, 3.1219352E-05) 1.3714286E+00
(-1.8741703E-02, -2.7683259E-03) (-1.9840405E-04, 2.6189284E-05) 1.3552941E+00
(-1.6236294E-02, -2.2619754E-03) (-1.8483966E-04, 2.1972678E-05) 1.3395349E+00
(-1.4029139E-02, -1.8525047E-03) (-1.7292878E-04, 1.8437449E-05) 1.3241379E+00
(-1.2091549E-02, -1.5216602E-03) (-1.6241894E-04, 1.5473052E-05) 1.3090909E+00
(-1.0396785E-02, -1.2544525E-03) (-1.5309900E-04, 1.2986954E-05) 1.2943820E+00
(-8.9199021E-03, -1.0386228E-03) (-1.4479226E-04, 1.0901687E-05) 1.2800000E+00
(-7.6373425E-03, -8.6404964E-04) (-1.3735065E-04, 9.1523814E-06) 1.2659341E+00
(-6.5270841E-03, -7.2243687E-04) (-1.3064998E-04, 7.6847093E-06) 1.2521739E+00
(-5.5690038E-03, -6.0719345E-04) (-1.2458592E-04, 6.4531636E-06) 1.2387097E+00
(-4.7447814E-03, -5.1308569E-04) (-1.1907075E-04, 5.4196195E-06) 1.2255319E+00
(-4.0376849E-03, -4.3589428E-04) (-1.1403058E-04, 4.5521318E-06) 1.2126316E+00
(-3.4325619E-03, -3.7222024E-04) (-1.0940305E-04, 3.8239289E-06) 1.2000000E+00
(-2.9157779E-03, -3.1933329E-04) (-1.0513549E-04, 3.2125714E-06) 1.1876289E+00
(-2.4752801E-03, -2.7510061E-04) (-1.0118328E-04, 2.6992486E-06) 1.1755102E+00
(-2.1004730E-03, -2.3788619E-04) (-9.7508552E-05, 2.2681887E-06) 1.1636364E+00
(-1.7820343E-03, -2.0639061E-04) (-9.4079108E-05, 1.9061665E-06) 1.1520000E+00
(-1.5118104E-03, -1.7958259E-04) (-9.0867488E-05, 1.6020903E-06) 1.1405941E+00
(-1.2827094E-03, -1.5663861E-04) (-8.7850218E-05, 1.3466566E-06) 1.1294118E+00
(-1.0885954E-03, -1.3689881E-04) (-8.5007168E-05, 1.1320604E-06) 1.1184466E+00
(-9.2418135E-04, -1.1983075E-04) (-8.2321026E-05, 9.5175347E-07) 1.1076923E+00
(-7.8493503E-04, -1.0500679E-04) (-7.9776854E-05, 8.0024082E-07) 1.0971429E+00
(-6.6701077E-04, -9.2092596E-05) (-7.7361716E-05, 6.7291091E-07) 1.0867925E+00
(-5.6713732E-04, -8.0815869E-05) (-7.5064368E-05, 5.6589304E-07) 1.0766355E+00
(-4.8253275E-04, -7.0951496E-05) (-7.2875003E-05, 4.7593797E-07) 1.0666667E+00
(-4.1083801E-04, -6.2310263E-05) (-7.0785028E-05, 4.0031779E-07) 1.0568807E+00
(-3.5005545E-04, -5.4732084E-05) (-6.8786885E-05, 3.3674202E-07) 1.0472727E+00
(-2.9849543E-04, -4.8081499E-05) (-6.6873899E-05, 2.8328722E-07) 1.0378378E+00
(-2.5473142E-04, -4.2241248E-05) (-6.5040149E-05, 2.3833798E-07) 1.0285714E+00
(-2.1755898E-04, -3.7110647E-05) (-6.3280357E-05, 2.0053747E-07) 1.0194690E+00
(-1.8596211E-04, -3.2601927E-05) (-6.1589802E-05, 1.6874589E-07) 1.0105263E+00
(-1.5908301E-04, -2.8639479E-05) (-5.9964240E-05, 1.4200568E-07) 1.0017391E+00
(-1.3619823E-04, -2.5156656E-05) (-5.8399841E-05, 1.1951227E-07) 9.9310345E-01
(-1.1669759E-04, -2.2094811E-05) (-5.6893130E-05, 1.0058958E-07) 9.8461538E-01
(-1.0006568E-04, -1.9402586E-05) (-5.5440949E-05, 8.4669430E-08) 9.7627119E-01
(-8.5868119E-05, -1.7035452E-05) (-5.4040409E-05, 7.1274297E-08) 9.6806723E-01
(-7.3738762E-05, -1.4954630E-05) (-5.2688862E-05, 6.0002783E-08) 9.6000000E-01
(-6.3368011E-05, -1.3125925E-05) (-5.1383868E-05, 5.0517457E-08) 9.5206612E-01
(-5.4493811E-05, -1.1519156E-05) (-5.0123176E-05, 4.2534636E-08) 9.4426230E-01
(-4.6894142E-05, -1.0107799E-05) (-4.8904699E-05, 3.5815800E-08) 9.3658537E-01
(-4.0381001E-05, -8.8682621E-06) (-4.7726496E-05, 3.0160379E-08) 9.2903226E-01
(-3.4794794E-05, -7.7798414E-06) (-4.6586760E-05, 2.5399706E-08) 9.2160000E-01
(-3.0000064E-05, -6.8243025E-06) (-4.5483800E-05, 2.1391928E-08) 9.1428571E-01
(-2.5881673E-05, -5.9854906E-06) (-4.4416034E-05, 1.8017729E-08) 9.0708661E-01
(-2.2341705E-05, -5.2493066E-06) (-4.3381975E-05, 1.5176745E-08) 9.0000000E-01
(-1.9296838E-05, -4.6031332E-06) (-4.2380225E-05, 1.2784545E-08) 8.9302326E-01
(-1.6676061E-05, -4.0360211E-06) (-4.1409465E-05, 1.0770096E-08) 8.8615385E-01
(-1.4418802E-05, -3.5382653E-06) (-4.0468450E-05, 9.0736317E-09) 8.7938931E-01
(-1.2473375E-05, -3.1013290E-06) (-3.9556003E-05, 7.6448609E-09) 8.7272727E-01
