!Ogata ffP24Os20BM.dat
!number of kinetic energy = 8
!nstep = 134
!step =   0.100000
!r origin =    0.000000E+00
8 134     0.100000   0.000000
 20.000000
(-5.0719126E+01, -7.2245375E+00) (-3.8917656E-01, -2.5882616E-02) 4.7912843E+00
(-5.0705080E+01, -7.2192810E+00) (-3.9772761E-01, -2.6373256E-02) 4.7925131E+00
(-5.0663175E+01, -7.2033005E+00) (-4.0627865E-01, -2.6863896E-02) 4.7912843E+00
(-5.0591919E+01, -7.1761860E+00) (-4.1779122E-01, -2.7562754E-02) 4.7875979E+00
(-5.0488250E+01, -7.1398028E+00) (-4.3347589E-01, -2.8524483E-02) 4.7814539E+00
(-5.0332872E+01, -7.1010181E+00) (-4.5377370E-01, -2.9771084E-02) 4.7728523E+00
(-5.0093439E+01, -7.0710838E+00) (-4.7903813E-01, -3.1321171E-02) 4.7617931E+00
(-4.9794811E+01, -7.0418550E+00) (-5.0963396E-01, -3.3194183E-02) 4.7482763E+00
(-4.9446949E+01, -7.0113853E+00) (-5.4595466E-01, -3.5410904E-02) 4.7323019E+00
(-4.9028899E+01, -6.9887062E+00) (-5.8841778E-01, -3.7992939E-02) 4.7138699E+00
(-4.8549805E+01, -6.9702971E+00) (-6.3744862E-01, -4.0961561E-02) 4.6929803E+00
(-4.8028498E+01, -6.9490864E+00) (-6.9345367E-01, -4.4336002E-02) 4.6696331E+00
(-4.7468583E+01, -6.9242218E+00) (-7.5678240E-01, -4.8131141E-02) 4.6438283E+00
(-4.6871643E+01, -6.8962413E+00) (-8.2767553E-01, -5.2354517E-02) 4.6155659E+00
(-4.6235420E+01, -6.8650695E+00) (-9.0619807E-01, -5.7002682E-02) 4.5848459E+00
(-4.5545089E+01, -6.8286708E+00) (-9.9215633E-01, -6.2056975E-02) 4.5516683E+00
(-4.4811370E+01, -6.7879623E+00) (-1.0850000E+00, -6.7478970E-02) 4.5160331E+00
(-4.4060652E+01, -6.7452802E+00) (-1.1837142E+00, -7.3206087E-02) 4.4779403E+00
(-4.3304801E+01, -6.7002342E+00) (-1.2867108E+00, -7.9148109E-02) 4.4373899E+00
(-4.2545406E+01, -6.6511142E+00) (-1.3917353E+00, -8.5185634E-02) 4.3943819E+00
(-4.1775170E+01, -6.5923638E+00) (-1.4958108E+00, -9.1171650E-02) 4.3489163E+00
(-4.0948014E+01, -6.5137361E+00) (-1.5952487E+00, -9.6937362E-02) 4.3009931E+00
(-4.0000169E+01, -6.4202442E+00) (-1.6857530E+00, -1.0230295E-01) 4.2506123E+00
(-3.8979042E+01, -6.3122306E+00) (-1.7626442E+00, -1.0709302E-01) 4.1977739E+00
(-3.7883869E+01, -6.1999084E+00) (-1.8212056E+00, -1.1115505E-01) 4.1424779E+00
(-3.6704689E+01, -6.1024376E+00) (-1.8571352E+00, -1.1437793E-01) 4.0847243E+00
(-3.5473082E+01, -6.0130739E+00) (-1.8670480E+00, -1.1670611E-01) 4.0245131E+00
(-3.4240357E+01, -5.9357663E+00) (-1.8489472E+00, -1.1814536E-01) 3.9618443E+00
(-3.3069495E+01, -6.0188150E+00) (-1.8025673E+00, -1.1875683E-01) 3.8967179E+00
(-3.1813047E+01, -6.1693054E+00) (-1.7295070E+00, -1.1863912E-01) 3.8291339E+00
(-3.0447178E+01, -6.2236678E+00) (-1.6331060E+00, -1.1790106E-01) 3.7590923E+00
(-2.9139769E+01, -6.2061205E+00) (-1.5180807E+00, -1.1663097E-01) 3.6865931E+00
(-2.7908386E+01, -6.1509079E+00) (-1.3899880E+00, -1.1486984E-01) 3.6116363E+00
(-2.6756253E+01, -6.1021720E+00) (-1.2546241E+00, -1.1259598E-01) 3.5342219E+00
(-2.5609282E+01, -6.0479027E+00) (-1.1174675E+00, -1.0972656E-01) 3.4543499E+00
(-2.4504246E+01, -5.9370547E+00) (-9.8325100E-01, -1.0613797E-01) 3.3720203E+00
(-2.3547226E+01, -5.8203941E+00) (-8.5571483E-01, -1.0170182E-01) 3.2872331E+00
(-2.2583729E+01, -5.7840809E+00) (-7.3744407E-01, -9.6327090E-02) 3.1999883E+00
(-2.1457561E+01, -5.8010943E+00) (-6.2997840E-01, -9.0000394E-02) 3.1135135E+00
(-2.0121377E+01, -5.8275202E+00) (-5.3412056E-01, -8.2810449E-02) 3.0315789E+00
(-1.8616420E+01, -5.8317824E+00) (-4.4996179E-01, -7.4945116E-02) 2.9538462E+00
(-1.7024378E+01, -5.7954354E+00) (-3.7700245E-01, -6.6668317E-02) 2.8800000E+00
(-1.5421557E+01, -5.7119989E+00) (-3.1442587E-01, -5.8282961E-02) 2.8097561E+00
(-1.3863484E+01, -5.5827453E+00) (-2.6123332E-01, -5.0088279E-02) 2.7428571E+00
(-1.2390388E+01, -5.4114141E+00) (-2.1635421E-01, -4.2343562E-02) 2.6790698E+00
(-1.1022730E+01, -5.2050692E+00) (-1.7872359E-01, -3.5244729E-02) 2.6181818E+00
(-9.7682252E+00, -4.9702749E+00) (-1.4733243E-01, -2.8915381E-02) 2.5600000E+00
(-8.6289450E+00, -4.7131928E+00) (-1.2125675E-01, -2.3410083E-02) 2.5043478E+00
(-7.5976254E+00, -4.4413611E+00) (-9.9671378E-02, -1.8725721E-02) 2.4510638E+00
(-6.6708219E+00, -4.1587397E+00) (-8.1853334E-02, -1.4816550E-02) 2.4000000E+00
(-5.8373240E+00, -3.8724891E+00) (-6.7178428E-02, -1.1609475E-02) 2.3510204E+00
(-5.0928970E+00, -3.5849541E+00) (-5.5114015E-02, -9.0173574E-03) 2.3040000E+00
(-4.4260167E+00, -3.3023135E+00) (-4.5209749E-02, -6.9493201E-03) 2.2588235E+00
(-3.8341888E+00, -3.0255719E+00) (-3.7087680E-02, -5.3179068E-03) 2.2153846E+00
(-3.3071555E+00, -2.7595346E+00) (-3.0432493E-02, -4.0434482E-03) 2.1735849E+00
(-2.8414531E+00, -2.5050619E+00) (-2.4982383E-02, -3.0562354E-03) 2.1333333E+00
(-2.4315844E+00, -2.2639956E+00) (-2.0520800E-02, -2.2971297E-03) 2.0945455E+00
(-2.0704859E+00, -2.0385947E+00) (-1.6869182E-02, -1.7171634E-03) 2.0571429E+00
(-1.7564903E+00, -1.8278547E+00) (-1.3880642E-02, -1.2765715E-03) 2.0210526E+00
(-1.4835165E+00, -1.6331859E+00) (-1.1434587E-02, -9.4356528E-04) 1.9862069E+00
(-1.2462403E+00, -1.4550392E+00) (-9.4321571E-03, -6.9305568E-04) 1.9525424E+00
(-1.0427789E+00, -1.2919854E+00) (-7.7924067E-03, -5.0544697E-04) 1.9200000E+00
(-8.6918541E-01, -1.1437735E+00) (-6.4491145E-03, -3.6556458E-04) 1.8885246E+00
(-7.2063230E-01, -1.0104161E+00) (-5.3481419E-03, -2.6174006E-04) 1.8580645E+00
(-5.9415723E-01, -8.9086812E-01) (-4.4452486E-03, -1.8505300E-04) 1.8285714E+00
(-4.8808687E-01, -7.8357647E-01) (-3.7042945E-03, -1.2871672E-04) 1.8000000E+00
(-3.9945862E-01, -6.8785880E-01) (-3.0957615E-03, -8.7588821E-05) 1.7723077E+00
(-3.2517747E-01, -6.0310267E-01) (-2.5955425E-03, -5.7786371E-05) 1.7454545E+00
(-2.6307309E-01, -5.2831005E-01) (-2.1839489E-03, -3.6386376E-05) 1.7194030E+00
(-2.1152883E-01, -4.6238499E-01) (-1.8448996E-03, -2.1194617E-05) 1.6941176E+00
(-1.6945086E-01, -4.0417333E-01) (-1.5652578E-03, -1.0568326E-05) 1.6695652E+00
(-1.3524218E-01, -3.5299401E-01) (-1.3342901E-03, -3.2808721E-06) 1.6457143E+00
(-1.0732433E-01, -3.0822953E-01) (-1.1432242E-03, 1.5810848E-06) 1.6225352E+00
(-8.4559822E-02, -2.6915334E-01) (-9.8488904E-04, 4.6955142E-06) 1.6000000E+00
(-6.6076837E-02, -2.3507788E-01) (-8.5342016E-04, 6.5639033E-06) 1.5780822E+00
(-5.1163561E-02, -2.0538109E-01) (-7.4402022E-04, 7.5556694E-06) 1.5567568E+00
(-3.9269952E-02, -1.7948083E-01) (-6.5276320E-04, 7.9415971E-06) 1.5360000E+00
(-2.9993296E-02, -1.5684394E-01) (-5.7643478E-04, 7.9189767E-06) 1.5157895E+00
(-2.2737716E-02, -1.3713072E-01) (-5.1240220E-04, 7.6304763E-06) 1.4961039E+00
(-1.7037973E-02, -1.2000073E-01) (-4.5850794E-04, 7.1782917E-06) 1.4769231E+00
(-1.2572088E-02, -1.0511609E-01) (-4.1298306E-04, 6.6347403E-06) 1.4582278E+00
(-9.0982474E-03, -9.2173600E-02) (-3.7437641E-04, 6.0501798E-06) 1.4400000E+00
(-6.4226901E-03, -8.0910431E-02) (-3.4149680E-04, 5.4589170E-06) 1.4222222E+00
(-4.3845542E-03, -7.1100312E-02) (-3.1336584E-04, 4.8836070E-06) 1.4048780E+00
(-2.8498651E-03, -6.2549434E-02) (-2.8917934E-04, 4.3385190E-06) 1.3879518E+00
(-1.7085688E-03, -5.5089336E-02) (-2.6827582E-04, 3.8319540E-06) 1.3714286E+00
(-8.8204376E-04, -4.8569046E-02) (-2.5011072E-04, 3.3680265E-06) 1.3552941E+00
(-3.2693285E-04, -4.2851222E-02) (-2.3423535E-04, 2.9479712E-06) 1.3395349E+00
(3.9668016E-05, -3.7843199E-02) (-2.2027967E-04, 2.5710953E-06) 1.3241379E+00
(2.8334122E-04, -3.3459475E-02) (-2.0793815E-04, 2.2354672E-06) 1.3090909E+00
(4.4228916E-04, -2.9617568E-02) (-1.9695823E-04, 1.9384095E-06) 1.2943820E+00
(5.4018301E-04, -2.6244694E-02) (-1.8713089E-04, 1.6768466E-06) 1.2800000E+00
(5.9304336E-04, -2.3278455E-02) (-1.7828290E-04, 1.4475472E-06) 1.2659341E+00
(6.1196069E-04, -2.0666096E-02) (-1.7027043E-04, 1.2472875E-06) 1.2521739E+00
(6.0676522E-04, -1.8362127E-02) (-1.6297392E-04, 1.0729583E-06) 1.2387097E+00
(5.8561906E-04, -1.6327364E-02) (-1.5629373E-04, 9.2163200E-07) 1.2255319E+00
(5.5385433E-04, -1.4528494E-02) (-1.5014670E-04, 7.9059948E-07) 1.2126316E+00
(5.1558050E-04, -1.2936695E-02) (-1.4446323E-04, 6.7738767E-07) 1.2000000E+00
(4.7395883E-04, -1.1526924E-02) (-1.3918493E-04, 5.7976268E-07) 1.1876289E+00
(4.3154528E-04, -1.0277298E-02) (-1.3426272E-04, 4.9572394E-07) 1.1755102E+00
(3.9043541E-04, -9.1686137E-03) (-1.2965516E-04, 4.2349232E-07) 1.1636364E+00
(3.5179230E-04, -8.1842505E-03) (-1.2532719E-04, 3.6149491E-07) 1.1520000E+00
(3.1626623E-04, -7.3097235E-03) (-1.2124903E-04, 3.0834794E-07) 1.1405941E+00
(2.8424551E-04, -6.5323461E-03) (-1.1739528E-04, 2.6283916E-07) 1.1294118E+00
(2.5565539E-04, -5.8408896E-03) (-1.1374421E-04, 2.2391046E-07) 1.1184466E+00
(2.2940218E-04, -5.2248423E-03) (-1.1027715E-04, 1.9064113E-07) 1.1076923E+00
(2.0404896E-04, -4.6751026E-03) (-1.0697795E-04, 1.6223225E-07) 1.0971429E+00
(1.8170479E-04, -4.1851935E-03) (-1.0383263E-04, 1.3799223E-07) 1.0867925E+00
(1.6272412E-04, -3.7486045E-03) (-1.0082897E-04, 1.1732371E-07) 1.0766355E+00
(1.4672110E-04, -3.3592614E-03) (-9.7956301E-05, 9.9711656E-08) 1.0666667E+00
(1.3315370E-04, -3.0117499E-03) (-9.5205197E-05, 8.4712803E-08) 1.0568807E+00
(1.2149211E-04, -2.7013293E-03) (-9.2567330E-05, 7.1946208E-08) 1.0472727E+00
(1.1120544E-04, -2.4238990E-03) (-9.0035286E-05, 6.1084943E-08) 1.0378378E+00
(1.0206417E-04, -2.1757784E-03) (-8.7602436E-05, 5.1848782E-08) 1.0285714E+00
(9.3789341E-05, -1.9537849E-03) (-8.5262825E-05, 4.3997795E-08) 1.0194690E+00
(8.6295856E-05, -1.7550499E-03) (-8.3011070E-05, 3.7326758E-08) 1.0105263E+00
(7.9419240E-05, -1.5770855E-03) (-8.0842291E-05, 3.1660296E-08) 1.0017391E+00
(7.3108369E-05, -1.4176492E-03) (-7.8752037E-05, 2.6848666E-08) 9.9310345E-01
(6.7211417E-05, -1.2747959E-03) (-7.6736235E-05, 2.2764104E-08) 9.8461538E-01
(6.1853764E-05, -1.1466803E-03) (-7.4791140E-05, 1.9297679E-08) 9.7627119E-01
(5.6902622E-05, -1.0317725E-03) (-7.2913299E-05, 1.6356574E-08) 9.6806723E-01
(5.2302787E-05, -9.2868195E-04) (-7.1099512E-05, 1.3861747E-08) 9.6000000E-01
(4.8050379E-05, -8.3615125E-04) (-6.9346810E-05, 1.1745924E-08) 9.5206612E-01
(4.4112073E-05, -7.5307124E-04) (-6.7652423E-05, 9.9518710E-09) 9.4426230E-01
(4.0459123E-05, -6.7845276E-04) (-6.6013765E-05, 8.4309239E-09) 9.3658537E-01
(3.7079143E-05, -6.1140657E-04) (-6.4428412E-05, 7.1417167E-09) 9.2903226E-01
(3.3937211E-05, -5.5114580E-04) (-6.2894090E-05, 6.0491025E-09) 9.2160000E-01
(3.1034076E-05, -4.9696300E-04) (-6.1408658E-05, 5.1232287E-09) 9.1428571E-01
(2.8325263E-05, -4.4823147E-04) (-5.9970099E-05, 4.3387473E-09) 9.0708661E-01
(2.5822132E-05, -4.0438381E-04) (-5.8576505E-05, 3.6741415E-09) 9.0000000E-01
(2.3493630E-05, -3.6491192E-04) (-5.7226076E-05, 3.1111519E-09) 8.9302326E-01
(2.1321422E-05, -3.2937116E-04) (-5.5917103E-05, 2.6342868E-09) 8.8615385E-01
(1.9311014E-05, -2.9734581E-04) (-5.4647966E-05, 2.2304058E-09) 8.7938931E-01
(1.7446805E-05, -2.6847395E-04) (-5.3417129E-05, 1.8883655E-09) 8.7272727E-01
 50.000000
(-4.2273580E+01, -8.9995478E+00) (-3.6590341E-01, 4.0821835E-03) 4.7912843E+00
(-4.2250926E+01, -8.9960604E+00) (-3.7383878E-01, 4.1620877E-03) 4.7925131E+00
(-4.2182477E+01, -8.9856755E+00) (-3.8177414E-01, 4.2419918E-03) 4.7912843E+00
(-4.2065985E+01, -8.9684708E+00) (-3.9243050E-01, 4.3608317E-03) 4.7875979E+00
(-4.1899031E+01, -8.9469872E+00) (-4.0693613E-01, 4.5260296E-03) 4.7814539E+00
(-4.1675924E+01, -8.9267243E+00) (-4.2569514E-01, 4.7413302E-03) 4.7728523E+00
(-4.1389940E+01, -8.9150453E+00) (-4.4902698E-01, 5.0103379E-03) 4.7617931E+00
(-4.1046682E+01, -8.9047489E+00) (-4.7725872E-01, 5.3370604E-03) 4.7482763E+00
(-4.0648209E+01, -8.8890244E+00) (-5.1074116E-01, 5.7259829E-03) 4.7323019E+00
(-4.0189226E+01, -8.8611736E+00) (-5.4984438E-01, 6.1820005E-03) 4.7138699E+00
(-3.9677274E+01, -8.8238986E+00) (-5.9494262E-01, 6.7102620E-03) 4.6929803E+00
(-3.9123058E+01, -8.7821593E+00) (-6.4638965E-01, 7.3159245E-03) 4.6696331E+00
(-3.8532226E+01, -8.7368125E+00) (-7.0448383E-01, 8.0038022E-03) 4.6438283E+00
(-3.7909606E+01, -8.6874570E+00) (-7.6942112E-01, 8.7778925E-03) 4.6155659E+00
(-3.7258359E+01, -8.6322082E+00) (-8.4123457E-01, 9.6407621E-03) 4.5848459E+00
(-3.6576954E+01, -8.5654326E+00) (-9.1972000E-01, 1.0592790E-02) 4.5516683E+00
(-3.5870558E+01, -8.4883808E+00) (-1.0043489E+00, 1.1631277E-02) 4.5160331E+00
(-3.5148344E+01, -8.4064608E+00) (-1.0941733E+00, 1.2749468E-02) 4.4779403E+00
(-3.4414717E+01, -8.3202513E+00) (-1.1877311E+00, 1.3935553E-02) 4.4373899E+00
(-3.3673568E+01, -8.2258968E+00) (-1.2829661E+00, 1.5171784E-02) 4.3943819E+00
(-3.2927020E+01, -8.1156079E+00) (-1.3771827E+00, 1.6433835E-02) 4.3489163E+00
(-3.2166499E+01, -7.9816091E+00) (-1.4670595E+00, 1.7690578E-02) 4.3009931E+00
(-3.1380652E+01, -7.8313842E+00) (-1.5487467E+00, 1.8904394E-02) 4.2506123E+00
(-3.0576769E+01, -7.6872008E+00) (-1.6180669E+00, 2.0032081E-02) 4.1977739E+00
(-2.9747145E+01, -7.5579966E+00) (-1.6708230E+00, 2.1026266E-02) 4.1424779E+00
(-2.8865413E+01, -7.4211350E+00) (-1.7031950E+00, 2.1837176E-02) 4.0847243E+00
(-2.7934247E+01, -7.2660198E+00) (-1.7121795E+00, 2.2414558E-02) 4.0245131E+00
(-2.6985228E+01, -7.1022384E+00) (-1.6959993E+00, 2.2709677E-02) 3.9618443E+00
(-2.5996680E+01, -7.0471211E+00) (-1.6544025E+00, 2.2677604E-02) 3.8967179E+00
(-2.4979418E+01, -7.0350536E+00) (-1.5887783E+00, 2.2280300E-02) 3.8291339E+00
(-2.3920762E+01, -6.9720945E+00) (-1.5020530E+00, 2.1491159E-02) 3.7590923E+00
(-2.2835601E+01, -6.8747154E+00) (-1.3983773E+00, 2.0301301E-02) 3.6865931E+00
(-2.1723803E+01, -6.7462494E+00) (-1.2826636E+00, 1.8727016E-02) 3.6116363E+00
(-2.0598467E+01, -6.6090245E+00) (-1.1600633E+00, 1.6816401E-02) 3.5342219E+00
(-1.9455374E+01, -6.4551844E+00) (-1.0354791E+00, 1.4652247E-02) 3.4543499E+00
(-1.8289331E+01, -6.2831484E+00) (-9.1318324E-01, 1.2348198E-02) 3.3720203E+00
(-1.7110032E+01, -6.1027274E+00) (-7.9659189E-01, 1.0036917E-02) 3.2872331E+00
(-1.5939186E+01, -5.9322624E+00) (-6.8810393E-01, 7.8517821E-03) 3.1999883E+00
(-1.4781698E+01, -5.7748097E+00) (-5.8918976E-01, 5.9068127E-03) 3.1135135E+00
(-1.3637797E+01, -5.6238452E+00) (-5.0066579E-01, 4.2803485E-03) 3.0315789E+00
(-1.2509207E+01, -5.4688738E+00) (-4.2269845E-01, 3.0068289E-03) 2.9538462E+00
(-1.1400090E+01, -5.3012571E+00) (-3.5490211E-01, 2.0784746E-03) 2.8800000E+00
(-1.0315820E+01, -5.1149612E+00) (-2.9658855E-01, 1.4548859E-03) 2.8097561E+00
(-9.2643079E+00, -4.9059265E+00) (-2.4688825E-01, 1.0765101E-03) 2.7428571E+00
(-8.2549169E+00, -4.6733251E+00) (-2.0485187E-01, 8.7795805E-04) 2.6790698E+00
(-7.2953419E+00, -4.4185523E+00) (-1.6952339E-01, 7.9830428E-04) 2.6181818E+00
(-6.3941279E+00, -4.1448977E+00) (-1.3998867E-01, 7.8724229E-04) 2.5600000E+00
(-5.5581323E+00, -3.8573692E+00) (-1.1540467E-01, 8.0738570E-04) 2.5043478E+00
(-4.7909999E+00, -3.5609893E+00) (-9.5014299E-02, 8.3377558E-04) 2.4510638E+00
(-4.0971545E+00, -3.2622725E+00) (-7.8151133E-02, 8.5181474E-04) 2.4000000E+00
(-3.4754282E+00, -2.9659906E+00) (-6.4237594E-02, 8.5463831E-04) 2.3510204E+00
(-2.9265314E+00, -2.6780419E+00) (-5.2779166E-02, 8.4058370E-04) 2.3040000E+00
(-2.4456985E+00, -2.4017358E+00) (-4.3356503E-02, 8.1109889E-04) 2.2588235E+00
(-2.0307062E+00, -2.1413792E+00) (-3.5616733E-02, 7.6919230E-04) 2.2153846E+00
(-1.6748188E+00, -1.8984159E+00) (-2.9264733E-02, 7.1838999E-04) 2.1735849E+00
(-1.3735656E+00, -1.6749260E+00) (-2.4054898E-02, 6.6210301E-04) 2.1333333E+00
(-1.1207442E+00, -1.4715016E+00) (-1.9783635E-02, 6.0329428E-04) 2.0945455E+00
(-9.0981147E-01, -1.2876310E+00) (-1.6282712E-02, 5.4434569E-04) 2.0571429E+00
(-7.3636176E-01, -1.1235634E+00) (-1.3413470E-02, 4.8704748E-04) 2.0210526E+00
(-5.9420838E-01, -9.7787835E-01) (-1.1061848E-02, 4.3265404E-04) 1.9862069E+00
(-4.7829309E-01, -8.4914059E-01) (-9.1341741E-03, 3.8196916E-04) 1.9525424E+00
(-3.8511065E-01, -7.3651422E-01) (-7.5536111E-03, 3.3543815E-04) 1.9200000E+00
(-3.1048024E-01, -6.3838857E-01) (-6.2571935E-03, 2.9323437E-04) 1.8885246E+00
(-2.5065738E-01, -5.5295620E-01) (-5.1933592E-03, 2.5533409E-04) 1.8580645E+00
(-2.0306171E-01, -4.7889285E-01) (-4.3199064E-03, 2.2157796E-04) 1.8285714E+00
(-1.6571839E-01, -4.1514284E-01) (-3.6023068E-03, 1.9171930E-04) 1.8000000E+00
(-1.3634583E-01, -3.6028954E-01) (-3.0123171E-03, 1.6546081E-04) 1.7723077E+00
(-1.1309255E-01, -3.1300375E-01) (-2.5268374E-03, 1.4248143E-04) 1.7454545E+00
(-9.4694453E-02, -2.7226419E-01) (-2.1269755E-03, 1.2245549E-04) 1.7194030E+00
(-8.0199943E-02, -2.3722518E-01) (-1.7972794E-03, 1.0506559E-04) 1.6941176E+00
(-6.8884890E-02, -2.0719603E-01) (-1.5251095E-03, 9.0010979E-05) 1.6695652E+00
(-5.9912678E-02, -1.8138686E-01) (-1.3001250E-03, 7.7012480E-05) 1.6457143E+00
(-5.2647442E-02, -1.5910667E-01) (-1.1138643E-03, 6.5814951E-05) 1.6225352E+00
(-4.6687760E-02, -1.3982962E-01) (-9.5940128E-04, 5.6188046E-05) 1.6000000E+00
(-4.1742385E-02, -1.2312274E-01) (-8.3106523E-04, 4.7925823E-05) 1.5780822E+00
(-3.7586583E-02, -1.0861784E-01) (-7.2421184E-04, 4.0845600E-05) 1.5567568E+00
(-3.4060248E-02, -9.6012056E-02) (-6.3503598E-04, 3.4786374E-05) 1.5360000E+00
(-3.1041851E-02, -8.5054832E-02) (-5.6041886E-04, 2.9607010E-05) 1.5157895E+00
(-2.8361055E-02, -7.5469113E-02) (-4.9780320E-04, 2.5184345E-05) 1.4961039E+00
(-2.5928370E-02, -6.7044104E-02) (-4.4509113E-04, 2.1411306E-05) 1.4769231E+00
(-2.3701229E-02, -5.9619844E-02) (-4.0056087E-04, 1.8195108E-05) 1.4582278E+00
(-2.1652541E-02, -5.3064370E-02) (-3.6279856E-04, 1.5455572E-05) 1.4400000E+00
(-1.9760455E-02, -4.7264883E-02) (-3.3064251E-04, 1.3123577E-05) 1.4222222E+00
(-1.8007601E-02, -4.2124105E-02) (-3.0313767E-04, 1.1139657E-05) 1.4048780E+00
(-1.6380078E-02, -3.7558329E-02) (-2.7949835E-04, 9.4527430E-06) 1.3879518E+00
(-1.4868312E-02, -3.3496384E-02) (-2.5907773E-04, 8.0190500E-06) 1.3714286E+00
(-1.3468950E-02, -2.9880317E-02) (-2.4134290E-04, 6.8010859E-06) 1.3552941E+00
(-1.2182058E-02, -2.6663838E-02) (-2.2585441E-04, 5.7667880E-06) 1.3395349E+00
(-1.0991627E-02, -2.3794044E-02) (-2.1224959E-04, 4.8887657E-06) 1.3241379E+00
(-9.8902943E-03, -2.1228635E-02) (-2.0022876E-04, 4.1436417E-06) 1.3090909E+00
(-8.8765271E-03, -1.8934901E-02) (-1.8954410E-04, 3.5114816E-06) 1.2943820E+00
(-7.9490232E-03, -1.6885077E-02) (-1.7999034E-04, 2.9752988E-06) 1.2800000E+00
(-7.1049566E-03, -1.5054338E-02) (-1.7139729E-04, 2.5206291E-06) 1.2659341E+00
(-6.3402414E-03, -1.3420282E-02) (-1.6362359E-04, 2.1351634E-06) 1.2521739E+00
(-5.6499384E-03, -1.1962476E-02) (-1.5655166E-04, 1.8084323E-06) 1.2387097E+00
(-5.0288839E-03, -1.0662501E-02) (-1.5008350E-04, 1.5315356E-06) 1.2255319E+00
(-4.4718513E-03, -9.5038578E-03) (-1.4413730E-04, 1.2969103E-06) 1.2126316E+00
(-3.9734990E-03, -8.4715877E-03) (-1.3864456E-04, 1.0981327E-06) 1.2000000E+00
(-3.5286757E-03, -7.5522490E-03) (-1.3354784E-04, 9.2974829E-07) 1.1876289E+00
(-3.1324572E-03, -6.7337482E-03) (-1.2879884E-04, 7.8712741E-07) 1.1755102E+00
(-2.7801749E-03, -6.0051987E-03) (-1.2435677E-04, 6.6634157E-07) 1.1636364E+00
(-2.4674050E-03, -5.3568077E-03) (-1.2018716E-04, 5.6405819E-07) 1.1520000E+00
(-2.1899722E-03, -4.7797428E-03) (-1.1626071E-04, 4.7745090E-07) 1.1405941E+00
(-1.9440546E-03, -4.2661058E-03) (-1.1255248E-04, 4.0412325E-07) 1.1294118E+00
(-1.7262670E-03, -3.8089164E-03) (-1.0904110E-04, 3.4204370E-07) 1.1184466E+00
(-1.5338205E-03, -3.4021839E-03) (-1.0570825E-04, 2.8949037E-07) 1.1076923E+00
(-1.3639944E-03, -3.0405240E-03) (-1.0253809E-04, 2.4500415E-07) 1.0971429E+00
(-1.2134675E-03, -2.7183497E-03) (-9.9516902E-05, 2.0734875E-07) 1.0867925E+00
(-1.0799764E-03, -2.4311820E-03) (-9.6632745E-05, 1.7547683E-07) 1.0766355E+00
(-9.6165844E-04, -2.1751751E-03) (-9.3875158E-05, 1.4850128E-07) 1.0666667E+00
(-8.5683007E-04, -1.9469145E-03) (-9.1234944E-05, 1.2567072E-07) 1.0568807E+00
(-7.6395302E-04, -1.7433489E-03) (-8.8703970E-05, 1.0634889E-07) 1.0472727E+00
(-6.8165083E-04, -1.5617708E-03) (-8.6275007E-05, 8.9997016E-08) 1.0378378E+00
(-6.0866010E-04, -1.3997272E-03) (-8.3941601E-05, 7.6158914E-08) 1.0285714E+00
(-5.4388612E-04, -1.2550644E-03) (-8.1697957E-05, 6.4448383E-08) 1.0194690E+00
(-4.8634676E-04, -1.1258459E-03) (-7.9538847E-05, 5.4538480E-08) 1.0105263E+00
(-4.3520016E-04, -1.0103785E-03) (-7.7459533E-05, 4.6152450E-08) 1.0017391E+00
(-3.8969919E-04, -9.0714787E-04) (-7.5455702E-05, 3.9056036E-08) 9.9310345E-01
(-3.4920027E-04, -8.1482844E-04) (-7.3523408E-05, 3.3050963E-08) 9.8461538E-01
(-3.1309809E-04, -7.3219226E-04) (-7.1659030E-05, 2.7969418E-08) 9.7627119E-01
(-2.8090009E-04, -6.5820045E-04) (-6.9859229E-05, 2.3669380E-08) 9.6806723E-01
(-2.5216580E-04, -5.9191937E-04) (-6.8120917E-05, 2.0030656E-08) 9.6000000E-01
(-2.2649938E-04, -5.3251270E-04) (-6.6441227E-05, 1.6951533E-08) 9.5206612E-01
(-2.0355814E-04, -4.7924313E-04) (-6.4817489E-05, 1.4345937E-08) 9.4426230E-01
(-1.8303997E-04, -4.3145552E-04) (-6.3247211E-05, 1.2141032E-08) 9.3658537E-01
(-1.6467634E-04, -3.8856503E-04) (-6.1728061E-05, 1.0275182E-08) 9.2903226E-01
(-1.4823685E-04, -3.5005453E-04) (-6.0257850E-05, 8.6962340E-09) 9.2160000E-01
(-1.3350308E-04, -3.1546036E-04) (-5.8834517E-05, 7.3600564E-09) 9.1428571E-01
(-1.2030176E-04, -2.8437329E-04) (-5.7456124E-05, 6.2293071E-09) 9.0708661E-01
(-1.0845670E-04, -2.5642363E-04) (-5.6120838E-05, 5.2723887E-09) 9.0000000E-01
(-9.7831708E-05, -2.3128257E-04) (-5.4826929E-05, 4.4625650E-09) 8.9302326E-01
(-8.8291960E-05, -2.0865920E-04) (-5.3572757E-05, 3.7772131E-09) 8.8615385E-01
(-7.9715258E-05, -1.8828550E-04) (-5.2356766E-05, 3.1971908E-09) 8.7938931E-01
(-7.1998642E-05, -1.6992695E-04) (-5.1177480E-05, 2.7063007E-09) 8.7272727E-01
100.000000
(-3.0291800E+01, -1.0830608E+01) (-3.6346293E-01, 4.0855735E-02) 4.7912843E+00
(-3.0265822E+01, -1.0826501E+01) (-3.7082167E-01, 4.1550058E-02) 4.7925131E+00
(-3.0187926E+01, -1.0814271E+01) (-3.7818041E-01, 4.2244381E-02) 4.7912843E+00
(-3.0058232E+01, -1.0793836E+01) (-3.8811152E-01, 4.3274570E-02) 4.7875979E+00
(-2.9876516E+01, -1.0766460E+01) (-4.0162638E-01, 4.4701745E-02) 4.7814539E+00
(-2.9642532E+01, -1.0734077E+01) (-4.1907392E-01, 4.6552910E-02) 4.7728523E+00
(-2.9356542E+01, -1.0699340E+01) (-4.4072007E-01, 4.8851977E-02) 4.7617931E+00
(-2.9021365E+01, -1.0660929E+01) (-4.6682989E-01, 5.1624162E-02) 4.7482763E+00
(-2.8639604E+01, -1.0614993E+01) (-4.9768056E-01, 5.4896281E-02) 4.7323019E+00
(-2.8213291E+01, -1.0552628E+01) (-5.3355553E-01, 5.8695806E-02) 4.7138699E+00
(-2.7748459E+01, -1.0476987E+01) (-5.7472904E-01, 6.3049159E-02) 4.6929803E+00
(-2.7252106E+01, -1.0393576E+01) (-6.2144219E-01, 6.7979277E-02) 4.6696331E+00
(-2.6729837E+01, -1.0301852E+01) (-6.7387021E-01, 7.3502410E-02) 4.6438283E+00
(-2.6187038E+01, -1.0199929E+01) (-7.3207970E-01, 7.9624077E-02) 4.6155659E+00
(-2.5630872E+01, -1.0086613E+01) (-7.9597561E-01, 8.6334211E-02) 4.5848459E+00
(-2.5075137E+01, -9.9631242E+00) (-8.6523792E-01, 9.3601597E-02) 4.5516683E+00
(-2.4521690E+01, -9.8285381E+00) (-9.3925062E-01, 1.0136794E-01) 4.5160331E+00
(-2.3964909E+01, -9.6809116E+00) (-1.0170276E+00, 1.0954207E-01) 4.4779403E+00
(-2.3405590E+01, -9.5201451E+00) (-1.0971437E+00, 1.1799519E-01) 4.4373899E+00
(-2.2846769E+01, -9.3455720E+00) (-1.1776846E+00, 1.2655813E-01) 4.3943819E+00
(-2.2292213E+01, -9.1568094E+00) (-1.2562295E+00, 1.3502195E-01) 4.3489163E+00
(-2.1748537E+01, -8.9587957E+00) (-1.3298885E+00, 1.4314284E-01) 4.3009931E+00
(-2.1214225E+01, -8.7580167E+00) (-1.3954087E+00, 1.5065207E-01) 4.2506123E+00
(-2.0671506E+01, -8.5610199E+00) (-1.4493615E+00, 1.5727070E-01) 4.1977739E+00
(-2.0116739E+01, -8.3707769E+00) (-1.4884079E+00, 1.6272771E-01) 4.1424779E+00
(-1.9555967E+01, -8.1698865E+00) (-1.5096212E+00, 1.6677918E-01) 4.0847243E+00
(-1.8984233E+01, -7.9529904E+00) (-1.5108255E+00, 1.6922556E-01) 4.0245131E+00
(-1.8390258E+01, -7.7259122E+00) (-1.4908937E+00, 1.6992432E-01) 3.9618443E+00
(-1.7749483E+01, -7.5207463E+00) (-1.4499454E+00, 1.6879681E-01) 3.8967179E+00
(-1.7069635E+01, -7.3270590E+00) (-1.3893964E+00, 1.6582958E-01) 3.8291339E+00
(-1.6374540E+01, -7.1237852E+00) (-1.3118420E+00, 1.6107237E-01) 3.7590923E+00
(-1.5660794E+01, -6.9140717E+00) (-1.2207876E+00, 1.5463515E-01) 3.6865931E+00
(-1.4928186E+01, -6.6998869E+00) (-1.1202792E+00, 1.4668556E-01) 3.6116363E+00
(-1.4170030E+01, -6.4853203E+00) (-1.0144991E+00, 1.3744634E-01) 3.5342219E+00
(-1.3390221E+01, -6.2658228E+00) (-9.0739644E-01, 1.2719011E-01) 3.4543499E+00
(-1.2593595E+01, -6.0323665E+00) (-8.0240249E-01, 1.1622887E-01) 3.3720203E+00
(-1.1780456E+01, -5.7919613E+00) (-7.0226527E-01, 1.0489694E-01) 3.2872331E+00
(-1.0952251E+01, -5.5579144E+00) (-6.0891822E-01, 9.3527365E-02) 3.1999883E+00
(-1.0118592E+01, -5.3257744E+00) (-5.2355781E-01, 8.2428659E-02) 3.1135135E+00
(-9.2900218E+00, -5.0880925E+00) (-4.4687980E-01, 7.1864580E-02) 3.0315789E+00
(-8.4763920E+00, -4.8399377E+00) (-3.7905681E-01, 6.2037215E-02) 2.9538462E+00
(-7.6861745E+00, -4.5791292E+00) (-3.1980210E-01, 5.3081077E-02) 2.8800000E+00
(-6.9267725E+00, -4.3056863E+00) (-2.6857798E-01, 4.5066539E-02) 2.8097561E+00
(-6.2046719E+00, -4.0221818E+00) (-2.2469044E-01, 3.8008315E-02) 2.7428571E+00
(-5.5251542E+00, -3.7324719E+00) (-1.8737081E-01, 3.1877452E-02) 2.6790698E+00
(-4.8922210E+00, -3.4404480E+00) (-1.5583590E-01, 2.6614202E-02) 2.6181818E+00
(-4.3084508E+00, -3.1507843E+00) (-1.2932899E-01, 2.2139912E-02) 2.5600000E+00
(-3.7750289E+00, -2.8676646E+00) (-1.0714559E-01, 1.8366887E-02) 2.5043478E+00
(-3.2919280E+00, -2.5945781E+00) (-8.8647364E-02, 1.5205847E-02) 2.4510638E+00
(-2.8579810E+00, -2.3348668E+00) (-7.3267694E-02, 1.2571067E-02) 2.4000000E+00
(-2.4712022E+00, -2.0904553E+00) (-6.0511603E-02, 1.0383543E-02) 2.3510204E+00
(-2.1288372E+00, -1.8632780E+00) (-4.9952082E-02, 8.5726258E-03) 2.3040000E+00
(-1.8278073E+00, -1.6538794E+00) (-4.1224418E-02, 7.0765546E-03) 2.2588235E+00
(-1.5645931E+00, -1.4628472E+00) (-3.4019589E-02, 5.8422608E-03) 2.2153846E+00
(-1.3357396E+00, -1.2897563E+00) (-2.8077437E-02, 4.8247431E-03) 2.1735849E+00
(-1.1376624E+00, -1.1341358E+00) (-2.3180076E-02, 3.9862207E-03) 2.1333333E+00
(-9.6696766E-01, -9.9511809E-01) (-1.9145784E-02, 3.2952110E-03) 2.0945455E+00
(-8.2047177E-01, -8.7148958E-01) (-1.5823512E-02, 2.7256240E-03) 2.0571429E+00
(-6.9510247E-01, -7.6222738E-01) (-1.3088047E-02, 2.2559228E-03) 2.0210526E+00
(-5.8818156E-01, -6.6599679E-01) (-1.0835819E-02, 1.8683765E-03) 1.9862069E+00
(-4.9725866E-01, -5.8148045E-01) (-8.9813074E-03, 1.5484121E-03) 1.9525424E+00
(-4.2007321E-01, -5.0754752E-01) (-7.4539936E-03, 1.2840640E-03) 1.9200000E+00
(-3.5469302E-01, -4.4302697E-01) (-6.1957902E-03, 1.0655106E-03) 1.8885246E+00
(-2.9944135E-01, -3.8676707E-01) (-5.1588897E-03, 8.8468999E-04) 1.8580645E+00
(-2.5281372E-01, -3.3777652E-01) (-4.3039696E-03, 7.3498247E-04) 1.8285714E+00
(-2.1348406E-01, -2.9519998E-01) (-3.5987008E-03, 6.1094936E-04) 1.8000000E+00
(-1.8035222E-01, -2.5821067E-01) (-3.0165121E-03, 5.0811922E-04) 1.7723077E+00
(-1.5247666E-01, -2.2605308E-01) (-2.5355691E-03, 4.2281294E-04) 1.7454545E+00
(-1.2903468E-01, -1.9808445E-01) (-2.1379312E-03, 3.5200074E-04) 1.7194030E+00
(-1.0931946E-01, -1.7375165E-01) (-1.8088576E-03, 2.9318550E-04) 1.6941176E+00
(-9.2725513E-02, -1.5258465E-01) (-1.5362358E-03, 2.4430733E-04) 1.6695652E+00
(-7.8760911E-02, -1.3415005E-01) (-1.3101120E-03, 2.0366556E-04) 1.6457143E+00
(-6.7011281E-02, -1.1806664E-01) (-1.1223048E-03, 1.6985503E-04) 1.6225352E+00
(-5.7119828E-02, -1.0401502E-01) (-9.6608854E-04, 1.4171376E-04) 1.6000000E+00
(-4.8785087E-02, -9.1721964E-02) (-8.3593261E-04, 1.1828020E-04) 1.5780822E+00
(-4.1754312E-02, -8.0952891E-02) (-7.2728800E-04, 9.8758042E-05) 1.5567568E+00
(-3.5814299E-02, -7.1508161E-02) (-6.3641188E-04, 8.2487436E-05) 1.5360000E+00
(-3.0785848E-02, -6.3218344E-02) (-5.6022368E-04, 6.8921206E-05) 1.5157895E+00
(-2.6526353E-02, -5.5929196E-02) (-4.9618695E-04, 5.7605353E-05) 1.4961039E+00
(-2.2913997E-02, -4.9509283E-02) (-4.4221245E-04, 4.8162965E-05) 1.4769231E+00
(-1.9845138E-02, -4.3847870E-02) (-3.9657850E-04, 4.0280954E-05) 1.4582278E+00
(-1.7232547E-02, -3.8850205E-02) (-3.5786572E-04, 3.3699112E-05) 1.4400000E+00
(-1.5003695E-02, -3.4434514E-02) (-3.2490332E-04, 2.8201069E-05) 1.4222222E+00
(-1.3097886E-02, -3.0530010E-02) (-2.9672504E-04, 2.3606822E-05) 1.4048780E+00
(-1.1464656E-02, -2.7075143E-02) (-2.7253299E-04, 1.9766552E-05) 1.3879518E+00
(-1.0061647E-02, -2.4016362E-02) (-2.5166787E-04, 1.6555511E-05) 1.3714286E+00
(-8.8529942E-03, -2.1307290E-02) (-2.3358453E-04, 1.3869775E-05) 1.3552941E+00
(-7.8084097E-03, -1.8907985E-02) (-2.1783188E-04, 1.1622738E-05) 1.3395349E+00
(-6.9036944E-03, -1.6781975E-02) (-2.0403634E-04, 9.7421977E-06) 1.3241379E+00
(-6.1183359E-03, -1.4897285E-02) (-1.9188828E-04, 8.1679323E-06) 1.3090909E+00
(-5.4346663E-03, -1.3226275E-02) (-1.8113079E-04, 6.8496982E-06) 1.2943820E+00
(-4.8375384E-03, -1.1744742E-02) (-1.7155049E-04, 5.7455599E-06) 1.2800000E+00
(-4.3143269E-03, -1.0431290E-02) (-1.6296996E-04, 4.8205042E-06) 1.2659341E+00
(-3.8545585E-03, -9.2668832E-03) (-1.5524147E-04, 4.0452879E-06) 1.2521739E+00
(-3.4493481E-03, -8.2346931E-03) (-1.4824186E-04, 3.3954786E-06) 1.2387097E+00
(-3.0911300E-03, -7.3197952E-03) (-1.4186826E-04, 2.8506570E-06) 1.2255319E+00
(-2.7735949E-03, -6.5088546E-03) (-1.3603463E-04, 2.3937523E-06) 1.2126316E+00
(-2.4914851E-03, -5.7899963E-03) (-1.3066887E-04, 2.0104889E-06) 1.2000000E+00
(-2.2403001E-03, -5.1526815E-03) (-1.2571040E-04, 1.6889250E-06) 1.1876289E+00
(-2.0161697E-03, -4.5875713E-03) (-1.2110827E-04, 1.4190684E-06) 1.1755102E+00
(-1.8157596E-03, -4.0863974E-03) (-1.1681944E-04, 1.1925557E-06) 1.1636364E+00
(-1.6362562E-03, -3.6417983E-03) (-1.1280753E-04, 1.0023850E-06) 1.1520000E+00
(-1.4752804E-03, -3.2472348E-03) (-1.0904165E-04, 8.4269260E-07) 1.1405941E+00
(-1.3307630E-03, -2.8969224E-03) (-1.0549550E-04, 7.0856682E-07) 1.1294118E+00
(-1.2008876E-03, -2.5857504E-03) (-1.0214663E-04, 5.9589227E-07) 1.1184466E+00
(-1.0840308E-03, -2.3092469E-03) (-9.8975777E-05, 5.0121993E-07) 1.1076923E+00
(-9.7876531E-04, -2.0634689E-03) (-9.5966366E-05, 4.2165859E-07) 1.0971429E+00
(-8.8392718E-04, -1.8448441E-03) (-9.3104075E-05, 3.5478401E-07) 1.0867925E+00
(-7.9845029E-04, -1.6502439E-03) (-9.0376473E-05, 2.9856304E-07) 1.0766355E+00
(-7.2137843E-04, -1.4769258E-03) (-8.7772719E-05, 2.5129016E-07) 1.0666667E+00
(-6.5185733E-04, -1.3224757E-03) (-8.5283318E-05, 2.1153435E-07) 1.0568807E+00
(-5.8912648E-04, -1.1847642E-03) (-8.2899916E-05, 1.7809465E-07) 1.0472727E+00
(-5.3250508E-04, -1.0619047E-03) (-8.0615121E-05, 1.4996296E-07) 1.0378378E+00
(-4.8138832E-04, -9.5223798E-04) (-7.8422366E-05, 1.2629290E-07) 1.0285714E+00
(-4.3523002E-04, -8.5429079E-04) (-7.6315786E-05, 1.0637372E-07) 1.0194690E+00
(-3.9354278E-04, -7.6676610E-04) (-7.4290120E-05, 8.9608450E-08) 1.0105263E+00
(-3.5588540E-04, -6.8851076E-04) (-7.2340621E-05, 7.5495579E-08) 1.0017391E+00
(-3.2186257E-04, -6.1850825E-04) (-7.0462994E-05, 6.3613719E-08) 9.9310345E-01
(-2.9111821E-04, -5.5585078E-04) (-6.8653328E-05, 5.3608736E-08) 9.8461538E-01
(-2.6333750E-04, -4.9974497E-04) (-6.6908050E-05, 4.5182961E-08) 9.7627119E-01
(-2.3823165E-04, -4.4947624E-04) (-6.5223885E-05, 3.8086145E-08) 9.6806723E-01
(-2.1554221E-04, -4.0441410E-04) (-6.3597814E-05, 3.2107865E-08) 9.6000000E-01
(-1.9503507E-04, -3.6400065E-04) (-6.2027048E-05, 2.7071159E-08) 9.5206612E-01
(-1.7649918E-04, -3.2773889E-04) (-6.0509000E-05, 2.2827177E-08) 9.4426230E-01
(-1.5974377E-04, -2.9518706E-04) (-5.9041266E-05, 1.9250698E-08) 9.3658537E-01
(-1.4459660E-04, -2.6595286E-04) (-5.7621599E-05, 1.6236359E-08) 9.2903226E-01
(-1.3090235E-04, -2.3968515E-04) (-5.6247900E-05, 1.3695495E-08) 9.2160000E-01
(-1.1851841E-04, -2.1607408E-04) (-5.4918201E-05, 1.1553479E-08) 9.1428571E-01
(-1.0731853E-04, -1.9483870E-04) (-5.3630650E-05, 9.7474904E-09) 9.0708661E-01
(-9.7185988E-05, -1.7573374E-04) (-5.2383506E-05, 8.2246411E-09) 9.0000000E-01
(-8.8016603E-05, -1.5853362E-04) (-5.1175124E-05, 6.9403968E-09) 8.9302326E-01
(-7.9713344E-05, -1.4303978E-04) (-5.0003950E-05, 5.8572529E-09) 8.8615385E-01
(-7.2188149E-05, -1.2907295E-04) (-4.8868515E-05, 4.9436205E-09) 8.7938931E-01
(-6.5363364E-05, -1.1647326E-04) (-4.7767422E-05, 4.1728899E-09) 8.7272727E-01
150.000000
(-2.0874298E+01, -1.3119216E+01) (-3.6912799E-01, 6.6199140E-02) 4.7912843E+00
(-2.0846114E+01, -1.3112567E+01) (-3.7604064E-01, 6.7248513E-02) 4.7925131E+00
(-2.0761887E+01, -1.3092806E+01) (-3.8295329E-01, 6.8297886E-02) 4.7912843E+00
(-2.0623078E+01, -1.3060318E+01) (-3.9233603E-01, 6.9873619E-02) 4.7875979E+00
(-2.0430359E+01, -1.3016543E+01) (-4.0510149E-01, 7.2058604E-02) 4.7814539E+00
(-2.0184238E+01, -1.2963191E+01) (-4.2155028E-01, 7.4889007E-02) 4.7728523E+00
(-1.9884833E+01, -1.2901712E+01) (-4.4190064E-01, 7.8396233E-02) 4.7617931E+00
(-1.9537453E+01, -1.2830738E+01) (-4.6636198E-01, 8.2612661E-02) 4.7482763E+00
(-1.9149026E+01, -1.2748455E+01) (-4.9514518E-01, 8.7571714E-02) 4.7323019E+00
(-1.8730700E+01, -1.2652976E+01) (-5.2845560E-01, 9.3306178E-02) 4.7138699E+00
(-1.8288900E+01, -1.2544332E+01) (-5.6647727E-01, 9.9845417E-02) 4.6929803E+00
(-1.7829537E+01, -1.2423047E+01) (-6.0934965E-01, 1.0721158E-01) 4.6696331E+00
(-1.7361485E+01, -1.2288496E+01) (-6.5713690E-01, 1.1541476E-01) 4.6438283E+00
(-1.6893656E+01, -1.2139524E+01) (-7.0978924E-01, 1.2444705E-01) 4.6155659E+00
(-1.6434127E+01, -1.1975350E+01) (-7.6709643E-01, 1.3427569E-01) 4.5848459E+00
(-1.5991680E+01, -1.1797153E+01) (-8.2863470E-01, 1.4483540E-01) 4.5516683E+00
(-1.5571986E+01, -1.1603894E+01) (-8.9370974E-01, 1.5602063E-01) 4.5160331E+00
(-1.5178243E+01, -1.1393335E+01) (-9.6130099E-01, 1.6767842E-01) 4.4779403E+00
(-1.4813065E+01, -1.1164930E+01) (-1.0300152E+00, 1.7960306E-01) 4.4373899E+00
(-1.4477474E+01, -1.0918101E+01) (-1.0980600E+00, 1.9153407E-01) 4.3943819E+00
(-1.4170314E+01, -1.0653054E+01) (-1.1632512E+00, 2.0315888E-01) 4.3489163E+00
(-1.3887699E+01, -1.0374401E+01) (-1.2230661E+00, 2.1412149E-01) 4.3009931E+00
(-1.3621251E+01, -1.0087452E+01) (-1.2747557E+00, 2.2403768E-01) 4.2506123E+00
(-1.3360139E+01, -9.7943798E+00) (-1.3155174E+00, 2.3251613E-01) 4.1977739E+00
(-1.3098525E+01, -9.4976969E+00) (-1.3427232E+00, 2.3918361E-01) 4.1424779E+00
(-1.2839898E+01, -9.1938463E+00) (-1.3541790E+00, 2.4371126E-01) 4.0847243E+00
(-1.2578205E+01, -8.8816352E+00) (-1.3483827E+00, 2.4583832E-01) 4.0245131E+00
(-1.2303457E+01, -8.5624296E+00) (-1.3247332E+00, 2.4539044E-01) 3.9618443E+00
(-1.1997248E+01, -8.2524206E+00) (-1.2836517E+00, 2.4229073E-01) 3.8967179E+00
(-1.1660318E+01, -7.9482048E+00) (-1.2265816E+00, 2.3656375E-01) 3.8291339E+00
(-1.1303737E+01, -7.6420576E+00) (-1.1558634E+00, 2.2833377E-01) 3.7590923E+00
(-1.0921445E+01, -7.3327319E+00) (-1.0745011E+00, 2.1781914E-01) 3.6865931E+00
(-1.0511508E+01, -7.0217924E+00) (-9.8586343E-01, 2.0532353E-01) 3.6116363E+00
(-1.0069423E+01, -6.7106885E+00) (-8.9337058E-01, 1.9122338E-01) 3.5342219E+00
(-9.5974464E+00, -6.3996141E+00) (-8.0021477E-01, 1.7595056E-01) 3.4543499E+00
(-9.0966351E+00, -6.0858081E+00) (-7.0915082E-01, 1.5996898E-01) 3.3720203E+00
(-8.5718784E+00, -5.7723613E+00) (-6.2237894E-01, 1.4374660E-01) 3.2872331E+00
(-8.0305398E+00, -5.4643009E+00) (-5.4143939E-01, 1.2772390E-01) 3.1999883E+00
(-7.4788001E+00, -5.1600452E+00) (-4.6728429E-01, 1.1228779E-01) 3.1135135E+00
(-6.9231303E+00, -4.8576260E+00) (-4.0048564E-01, 9.7752252E-02) 3.0315789E+00
(-6.3706270E+00, -4.5565134E+00) (-3.4119585E-01, 8.4343848E-02) 2.9538462E+00
(-5.8279267E+00, -4.2571703E+00) (-2.8918664E-01, 7.2200524E-02) 2.8800000E+00
(-5.3012231E+00, -3.9607091E+00) (-2.4402502E-01, 6.1380476E-02) 2.8097561E+00
(-4.7961203E+00, -3.6690926E+00) (-2.0514672E-01, 5.1875451E-02) 2.7428571E+00
(-4.3171881E+00, -3.3844530E+00) (-1.7192148E-01, 4.3626939E-02) 2.6790698E+00
(-3.8680725E+00, -3.1086472E+00) (-1.4370193E-01, 3.6542421E-02) 2.6181818E+00
(-3.4511104E+00, -2.8436693E+00) (-1.1985769E-01, 3.0509794E-02) 2.5600000E+00
(-3.0675188E+00, -2.5910870E+00) (-9.9797319E-02, 2.5408987E-02) 2.5043478E+00
(-2.7176666E+00, -2.3521240E+00) (-8.2980871E-02, 2.1120507E-02) 2.4510638E+00
(-2.4008431E+00, -2.1277399E+00) (-6.8925538E-02, 1.7531154E-02) 2.4000000E+00
(-2.1159974E+00, -1.9183914E+00) (-5.7206511E-02, 1.4537405E-02) 2.3510204E+00
(-1.8611942E+00, -1.7243729E+00) (-4.7454754E-02, 1.2047013E-02) 2.3040000E+00
(-1.6346136E+00, -1.5455504E+00) (-3.9352929E-02, 9.9793793E-03) 2.2588235E+00
(-1.4337776E+00, -1.3816416E+00) (-3.2630376E-02, 8.2651208E-03) 2.2153846E+00
(-1.2565843E+00, -1.2321340E+00) (-2.7057771E-02, 6.8451841E-03) 2.1735849E+00
(-1.1005941E+00, -1.0963639E+00) (-2.2441854E-02, 5.6697370E-03) 2.1333333E+00
(-9.6361259E-01, -9.7359147E-01) (-1.8620460E-02, 4.6969995E-03) 2.0945455E+00
(-8.4365403E-01, -8.6296862E-01) (-1.5457999E-02, 3.8921115E-03) 2.0571429E+00
(-7.3858649E-01, -7.6363729E-01) (-1.2841423E-02, 3.2260885E-03) 2.0210526E+00
(-6.4675564E-01, -6.7473043E-01) (-1.0676694E-02, 2.6748928E-03) 1.9862069E+00
(-5.6660014E-01, -5.9536771E-01) (-8.8857348E-03, 2.2186242E-03) 1.9525424E+00
(-4.9655686E-01, -5.2469712E-01) (-7.4038139E-03, 1.8408273E-03) 1.9200000E+00
(-4.3537719E-01, -4.6192578E-01) (-6.1773277E-03, 1.5279053E-03) 1.8885246E+00
(-3.8200356E-01, -4.0628381E-01) (-5.1619282E-03, 1.2686278E-03) 1.8580645E+00
(-3.3541497E-01, -3.5704579E-01) (-4.3209500E-03, 1.0537205E-03) 1.8285714E+00
(-2.9466895E-01, -3.1354643E-01) (-3.6240957E-03, 8.7552444E-04) 1.8000000E+00
(-2.5903385E-01, -2.7518494E-01) (-3.0463392E-03, 7.2771320E-04) 1.7723077E+00
(-2.2788063E-01, -2.4139900E-01) (-2.5670136E-03, 6.0506018E-04) 1.7454545E+00
(-2.0062429E-01, -2.1167428E-01) (-2.1690549E-03, 5.0324584E-04) 1.7194030E+00
(-1.7674563E-01, -1.8554878E-01) (-1.8383742E-03, 4.1869906E-04) 1.6941176E+00
(-1.5578094E-01, -1.6260902E-01) (-1.5633393E-03, 3.4846628E-04) 1.6695652E+00
(-1.3737000E-01, -1.4248745E-01) (-1.3343455E-03, 2.9010376E-04) 1.6457143E+00
(-1.2120076E-01, -1.2484965E-01) (-1.1434614E-03, 2.4158874E-04) 1.6225352E+00
(-1.0698613E-01, -1.0939641E-01) (-9.8413605E-04, 2.0124623E-04) 1.6000000E+00
(-9.4476044E-02, -9.5862453E-02) (-8.5095755E-04, 1.6768862E-04) 1.5780822E+00
(-8.3455176E-02, -8.4013972E-02) (-7.3945414E-04, 1.3976595E-04) 1.5567568E+00
(-7.3734443E-02, -7.3644799E-02) (-6.4592969E-04, 1.1652481E-04) 1.5360000E+00
(-6.5147658E-02, -6.4573061E-02) (-5.6732828E-04, 9.7174433E-05) 1.5157895E+00
(-5.7565002E-02, -5.6639310E-02) (-5.0112249E-04, 8.1058713E-05) 1.4961039E+00
(-5.0868275E-02, -4.9700636E-02) (-4.4522118E-04, 6.7633060E-05) 1.4769231E+00
(-4.4950817E-02, -4.3631389E-02) (-3.9789358E-04, 5.6445284E-05) 1.4582278E+00
(-3.9719081E-02, -3.8321784E-02) (-3.5770654E-04, 4.7119788E-05) 1.4400000E+00
(-3.5092234E-02, -3.3676173E-02) (-3.2347283E-04, 3.9344485E-05) 1.4222222E+00
(-3.0999638E-02, -2.9610837E-02) (-2.9420846E-04, 3.2859970E-05) 1.4048780E+00
(-2.7379911E-02, -2.6052599E-02) (-2.6909748E-04, 2.7450560E-05) 1.3879518E+00
(-2.4178998E-02, -2.2937408E-02) (-2.4746289E-04, 2.2936864E-05) 1.3714286E+00
(-2.1348623E-02, -2.0209124E-02) (-2.2874265E-04, 1.9169631E-05) 1.3552941E+00
(-1.8845491E-02, -1.7818669E-02) (-2.1246984E-04, 1.6024649E-05) 1.3395349E+00
(-1.6633811E-02, -1.5723353E-02) (-1.9825629E-04, 1.3398512E-05) 1.3241379E+00
(-1.4681292E-02, -1.3885577E-02) (-1.8577907E-04, 1.1205111E-05) 1.3090909E+00
(-1.2958357E-02, -1.2272534E-02) (-1.7476927E-04, 9.3727200E-06) 1.2943820E+00
(-1.1438330E-02, -1.0855621E-02) (-1.6500276E-04, 7.8415761E-06) 1.2800000E+00
(-1.0097726E-02, -9.6100600E-03) (-1.5629259E-04, 6.5618718E-06) 1.2659341E+00
(-8.9159520E-03, -8.5143153E-03) (-1.4848259E-04, 5.4920850E-06) 1.2521739E+00
(-7.8745320E-03, -7.5496485E-03) (-1.4144218E-04, 4.5975914E-06) 1.2387097E+00
(-6.9568879E-03, -6.6996769E-03) (-1.3506202E-04, 3.8495118E-06) 1.2255319E+00
(-6.1484665E-03, -5.9501183E-03) (-1.2925044E-04, 3.2237523E-06) 1.2126316E+00
(-5.4364681E-03, -5.2885756E-03) (-1.2393044E-04, 2.7002067E-06) 1.2000000E+00
(-4.8094614E-03, -4.7042153E-03) (-1.1903722E-04, 2.2620924E-06) 1.1876289E+00
(-4.2572360E-03, -4.1875716E-03) (-1.1451620E-04, 1.8953975E-06) 1.1755102E+00
(-3.7706913E-03, -3.7303748E-03) (-1.1032122E-04, 1.5884211E-06) 1.1636364E+00
(-3.3418820E-03, -3.3254233E-03) (-1.0641326E-04, 1.3313893E-06) 1.1520000E+00
(-2.9638743E-03, -2.9664521E-03) (-1.0275914E-04, 1.1161365E-06) 1.1405941E+00
(-2.6305401E-03, -2.6479807E-03) (-9.9330664E-05, 9.3583910E-07) 1.1294118E+00
(-2.3364614E-03, -2.3652073E-03) (-9.6103750E-05, 7.8479370E-07) 1.1184466E+00
(-2.0767919E-03, -2.1139275E-03) (-9.3057780E-05, 6.5823218E-07) 1.1076923E+00
(-1.8472668E-03, -1.8904515E-03) (-9.0175041E-05, 5.5216751E-07) 1.0971429E+00
(-1.6443170E-03, -1.6915607E-03) (-8.7440258E-05, 4.6326513E-07) 1.0867925E+00
(-1.4647468E-03, -1.5144051E-03) (-8.4840217E-05, 3.8873559E-07) 1.0766355E+00
(-1.3057381E-03, -1.3564916E-03) (-8.2363430E-05, 3.2624498E-07) 1.0666667E+00
(-1.1648178E-03, -1.2156359E-03) (-7.9999877E-05, 2.7384019E-07) 1.0568807E+00
(-1.0398244E-03, -1.0899187E-03) (-7.7740776E-05, 2.2988642E-07) 1.0472727E+00
(-9.2887018E-04, -9.7764201E-04) (-7.5578398E-05, 1.9301506E-07) 1.0378378E+00
(-8.3029662E-04, -8.7731802E-04) (-7.3505908E-05, 1.6208016E-07) 1.0285714E+00
(-7.4265293E-04, -7.8762166E-04) (-7.1517236E-05, 1.3612200E-07) 1.0194690E+00
(-6.6466248E-04, -7.0738826E-04) (-6.9606963E-05, 1.1433669E-07) 1.0105263E+00
(-5.9520693E-04, -6.3557838E-04) (-6.7770234E-05, 9.6050767E-08) 1.0017391E+00
(-5.3330063E-04, -5.7127544E-04) (-6.6002674E-05, 8.0699907E-08) 9.9310345E-01
(-4.7808597E-04, -5.1366106E-04) (-6.4300328E-05, 6.7811182E-08) 9.8461538E-01
(-4.2880358E-04, -4.6202554E-04) (-6.2659601E-05, 5.6988181E-08) 9.7627119E-01
(-3.8479038E-04, -4.1572303E-04) (-6.1077214E-05, 4.7898576E-08) 9.6806723E-01
(-3.4545945E-04, -3.7418360E-04) (-5.9550164E-05, 4.0263718E-08) 9.6000000E-01
(-3.1029137E-04, -3.3690307E-04) (-5.8075689E-05, 3.3849931E-08) 9.5206612E-01
(-2.7882724E-04, -3.0343039E-04) (-5.6651241E-05, 2.8461219E-08) 9.4426230E-01
(-2.5066106E-04, -2.7336385E-04) (-5.5274461E-05, 2.3933170E-08) 9.3658537E-01
(-2.2543313E-04, -2.4634630E-04) (-5.3943156E-05, 2.0127838E-08) 9.2903226E-01
(-2.0282468E-04, -2.2205598E-04) (-5.2655286E-05, 1.6929474E-08) 9.2160000E-01
(-1.8255350E-04, -2.0021221E-04) (-5.1408942E-05, 1.4240933E-08) 9.1428571E-01
(-1.6436786E-04, -1.8055498E-04) (-5.0202339E-05, 1.1980676E-08) 9.0708661E-01
(-1.4804510E-04, -1.6286269E-04) (-4.9033799E-05, 1.0080251E-08) 9.0000000E-01
(-1.3338464E-04, -1.4692558E-04) (-4.7901744E-05, 8.4821862E-09) 8.9302326E-01
(-1.2020946E-04, -1.3256285E-04) (-4.6804689E-05, 7.1382205E-09) 8.8615385E-01
(-1.0835866E-04, -1.1961056E-04) (-4.5741229E-05, 6.0078228E-09) 8.7938931E-01
(-9.7689991E-05, -1.0792130E-04) (-4.4710035E-05, 5.0569491E-09) 8.7272727E-01
175.000000
(-1.6679230E+01, -1.4342486E+01) (-3.6860829E-01, 7.5446888E-02) 4.7912843E+00
(-1.6653281E+01, -1.4334840E+01) (-3.7528293E-01, 7.6608161E-02) 4.7925131E+00
(-1.6575726E+01, -1.4312084E+01) (-3.8195756E-01, 7.7769435E-02) 4.7912843E+00
(-1.6447979E+01, -1.4274660E+01) (-3.9103145E-01, 7.9521296E-02) 4.7875979E+00
(-1.6270550E+01, -1.4223961E+01) (-4.0337302E-01, 8.1951288E-02) 4.7814539E+00
(-1.6044143E+01, -1.4161519E+01) (-4.1926156E-01, 8.5097303E-02) 4.7728523E+00
(-1.5769502E+01, -1.4088343E+01) (-4.3889460E-01, 8.8991905E-02) 4.7617931E+00
(-1.5451641E+01, -1.4003315E+01) (-4.6245776E-01, 9.3668284E-02) 4.7482763E+00
(-1.5096413E+01, -1.3905325E+01) (-4.9013409E-01, 9.9160174E-02) 4.7323019E+00
(-1.4711584E+01, -1.3794468E+01) (-5.2209681E-01, 1.0549989E-01) 4.7138699E+00
(-1.4305033E+01, -1.3669949E+01) (-5.5849374E-01, 1.1271520E-01) 4.6929803E+00
(-1.3885960E+01, -1.3531003E+01) (-5.9942473E-01, 1.2082506E-01) 4.6696331E+00
(-1.3463972E+01, -1.3377132E+01) (-6.4491227E-01, 1.2983431E-01) 4.6438283E+00
(-1.3048289E+01, -1.3207552E+01) (-6.9486505E-01, 1.3972720E-01) 4.6155659E+00
(-1.2647350E+01, -1.3021460E+01) (-7.4903480E-01, 1.5046005E-01) 4.5848459E+00
(-1.2269912E+01, -1.2818768E+01) (-8.0696780E-01, 1.6195311E-01) 4.5516683E+00
(-1.1921676E+01, -1.2598771E+01) (-8.6795400E-01, 1.7408252E-01) 4.5160331E+00
(-1.1605911E+01, -1.2360477E+01) (-9.3097889E-01, 1.8667307E-01) 4.4779403E+00
(-1.1324922E+01, -1.2103412E+01) (-9.9468554E-01, 1.9949308E-01) 4.4373899E+00
(-1.1077603E+01, -1.1826987E+01) (-1.0573570E+00, 2.1225293E-01) 4.3943819E+00
(-1.0861147E+01, -1.1531288E+01) (-1.1169307E+00, 2.2460869E-01) 4.3489163E+00
(-1.0674592E+01, -1.1219050E+01) (-1.1710564E+00, 2.3617212E-01) 4.3009931E+00
(-1.0511178E+01, -1.0893907E+01) (-1.2172063E+00, 2.4652738E-01) 4.2506123E+00
(-1.0361427E+01, -1.0557863E+01) (-1.2528393E+00, 2.5525400E-01) 4.1977739E+00
(-1.0218797E+01, -1.0213269E+01) (-1.2756104E+00, 2.6195390E-01) 4.1424779E+00
(-1.0082291E+01, -9.8603838E+00) (-1.2836046E+00, 2.6627949E-01) 4.0847243E+00
(-9.9454748E+00, -9.4990557E+00) (-1.2755620E+00, 2.6795936E-01) 4.0245131E+00
(-9.8000314E+00, -9.1301810E+00) (-1.2510564E+00, 2.6681834E-01) 3.9618443E+00
(-9.6296008E+00, -8.7660053E+00) (-1.2105895E+00, 2.6279009E-01) 3.8967179E+00
(-9.4328112E+00, -8.4053667E+00) (-1.1555775E+00, 2.5592211E-01) 3.8291339E+00
(-9.2153833E+00, -8.0433131E+00) (-1.0882278E+00, 2.4637394E-01) 3.7590923E+00
(-8.9713996E+00, -7.6784792E+00) (-1.0113231E+00, 2.3440989E-01) 3.6865931E+00
(-8.6977325E+00, -7.3130667E+00) (-9.2795150E-01, 2.2038692E-01) 3.6116363E+00
(-8.3904381E+00, -6.9491375E+00) (-8.4122765E-01, 2.0473733E-01) 3.5342219E+00
(-8.0501944E+00, -6.5886385E+00) (-7.5404737E-01, 1.8794581E-01) 3.4543499E+00
(-7.6771569E+00, -6.2314509E+00) (-6.6890434E-01, 1.7052107E-01) 3.3720203E+00
(-7.2762638E+00, -5.8792531E+00) (-5.8778947E-01, 1.5296422E-01) 3.2872331E+00
(-6.8548476E+00, -5.5339106E+00) (-5.1209441E-01, 1.3573574E-01) 3.1999883E+00
(-6.4181796E+00, -5.1947955E+00) (-4.4267989E-01, 1.1923018E-01) 3.1135135E+00
(-5.9718650E+00, -4.8616235E+00) (-3.8007189E-01, 1.0375905E-01) 3.0315789E+00
(-5.5223386E+00, -4.5349720E+00) (-3.2441637E-01, 8.9539438E-02) 2.9538462E+00
(-5.0758636E+00, -4.2158369E+00) (-2.7550913E-01, 7.6695785E-02) 2.8800000E+00
(-4.6384167E+00, -3.9053663E+00) (-2.3295911E-01, 6.5271541E-02) 2.8097561E+00
(-4.2154236E+00, -3.6049944E+00) (-1.9625383E-01, 5.5244263E-02) 2.7428571E+00
(-3.8114206E+00, -3.3160780E+00) (-1.6481847E-01, 4.6542868E-02) 2.6790698E+00
(-3.4301490E+00, -3.0396814E+00) (-1.3806037E-01, 3.9064283E-02) 2.6181818E+00
(-3.0741326E+00, -2.7768747E+00) (-1.1540036E-01, 3.2687832E-02) 2.5600000E+00
(-2.7449031E+00, -2.5284196E+00) (-9.6293194E-02, 2.7286576E-02) 2.5043478E+00
(-2.4431961E+00, -2.2948515E+00) (-8.0239473E-02, 2.2735496E-02) 2.4510638E+00
(-2.1687775E+00, -2.0764921E+00) (-6.6791208E-02, 1.8916868E-02) 2.4000000E+00
(-1.9210440E+00, -1.8733848E+00) (-5.5553005E-02, 1.5723351E-02) 2.3510204E+00
(-1.6985970E+00, -1.6854333E+00) (-4.6180349E-02, 1.3059389E-02) 2.3040000E+00
(-1.5000601E+00, -1.5123119E+00) (-3.8376118E-02, 1.0841435E-02) 2.2588235E+00
(-1.3234760E+00, -1.3535574E+00) (-3.1886175E-02, 8.9974421E-03) 2.2153846E+00
(-1.1671369E+00, -1.2086076E+00) (-2.6494602E-02, 7.4659284E-03) 2.1735849E+00
(-1.0290362E+00, -1.0767673E+00) (-2.2018943E-02, 6.1948451E-03) 2.1333333E+00
(-9.0734115E-01, -9.5731166E-01) (-1.8305701E-02, 5.1403968E-03) 2.0945455E+00
(-8.0036717E-01, -8.4944701E-01) (-1.5226204E-02, 4.2659018E-03) 2.0571429E+00
(-7.0631239E-01, -7.5235994E-01) (-1.2672904E-02, 3.5407424E-03) 2.0210526E+00
(-6.2375452E-01, -6.6525280E-01) (-1.0556121E-02, 2.9394271E-03) 1.9862069E+00
(-5.5134425E-01, -5.8731489E-01) (-8.8012173E-03, 2.4407723E-03) 1.9525424E+00
(-4.8774415E-01, -5.1775234E-01) (-7.3461680E-03, 2.0271974E-03) 1.9200000E+00
(-4.3187240E-01, -4.5583101E-01) (-6.1394933E-03, 1.6841256E-03) 1.8885246E+00
(-3.8280712E-01, -4.0083484E-01) (-5.1385055E-03, 1.3994783E-03) 1.8580645E+00
(-3.3966733E-01, -3.5208314E-01) (-4.3078337E-03, 1.1632504E-03) 1.8285714E+00
(-3.0164553E-01, -3.0894766E-01) (-3.6181858E-03, 9.6715607E-04) 1.8000000E+00
(-2.6810789E-01, -2.7085933E-01) (-3.0453137E-03, 8.0433409E-04) 1.7723077E+00
(-2.3850936E-01, -2.3728083E-01) (-2.5691504E-03, 6.6910227E-04) 1.7454545E+00
(-2.1234760E-01, -2.0771773E-01) (-2.1730917E-03, 5.5675457E-04) 1.7194030E+00
(-1.8917943E-01, -1.8172435E-01) (-1.8433999E-03, 4.6339263E-04) 1.6941176E+00
(-1.6861097E-01, -1.5889965E-01) (-1.5687093E-03, 3.8578654E-04) 1.6695652E+00
(-1.5033366E-01, -1.3888495E-01) (-1.3396159E-03, 3.2125954E-04) 1.6457143E+00
(-1.3407994E-01, -1.2135167E-01) (-1.1483378E-03, 2.6759271E-04) 1.6225352E+00
(-1.1960495E-01, -1.0600469E-01) (-9.8843489E-04, 2.2294618E-04) 1.6000000E+00
(-1.0669630E-01, -9.2581568E-02) (-8.5457621E-04, 1.8579390E-04) 1.5780822E+00
(-9.5171261E-02, -8.0850367E-02) (-7.4234786E-04, 1.5486977E-04) 1.5567568E+00
(-8.4869186E-02, -7.0605834E-02) (-6.4809441E-04, 1.2912306E-04) 1.5360000E+00
(-7.5648661E-02, -6.1665975E-02) (-5.6878763E-04, 1.0768149E-04) 1.5157895E+00
(-6.7397409E-02, -5.3870421E-02) (-5.0191808E-04, 8.9820721E-05) 1.4961039E+00
(-6.0013187E-02, -4.7074870E-02) (-4.4540553E-04, 7.4939100E-05) 1.4769231E+00
(-5.3403553E-02, -4.1152311E-02) (-3.9752490E-04, 6.2536716E-05) 1.4582278E+00
(-4.7486815E-02, -3.5991614E-02) (-3.5684503E-04, 5.2198087E-05) 1.4400000E+00
(-4.2191673E-02, -3.1495739E-02) (-3.2217811E-04, 4.3577803E-05) 1.4222222E+00
(-3.7454904E-02, -2.7579582E-02) (-2.9253785E-04, 3.6388622E-05) 1.4048780E+00
(-3.3220728E-02, -2.4168656E-02) (-2.6710488E-04, 3.0391617E-05) 1.3879518E+00
(-2.9439202E-02, -2.1197618E-02) (-2.4519811E-04, 2.5387991E-05) 1.3714286E+00
(-2.6065001E-02, -1.8609187E-02) (-2.2625112E-04, 2.1212295E-05) 1.3552941E+00
(-2.3056830E-02, -1.6353346E-02) (-2.0979251E-04, 1.7726795E-05) 1.3395349E+00
(-2.0379195E-02, -1.4386534E-02) (-1.9542973E-04, 1.4816806E-05) 1.3241379E+00
(-1.7999535E-02, -1.2670448E-02) (-1.8283565E-04, 1.2386806E-05) 1.3090909E+00
(-1.5887575E-02, -1.1171800E-02) (-1.7173741E-04, 1.0357215E-05) 1.2943820E+00
(-1.4015451E-02, -9.8616911E-03) (-1.6190728E-04, 8.6617229E-06) 1.2800000E+00
(-1.2358041E-02, -8.7152252E-03) (-1.5315494E-04, 7.2450575E-06) 1.2659341E+00
(-1.0892777E-02, -7.7108998E-03) (-1.4532124E-04, 6.0611406E-06) 1.2521739E+00
(-9.5989596E-03, -6.8301109E-03) (-1.3827292E-04, 5.0715485E-06) 1.2387097E+00
(-8.4576469E-03, -6.0566952E-03) (-1.3189823E-04, 4.2442338E-06) 1.2255319E+00
(-7.4518807E-03, -5.3766749E-03) (-1.2610338E-04, 3.5524608E-06) 1.2126316E+00
(-6.5664552E-03, -4.7780243E-03) (-1.2080950E-04, 2.9739208E-06) 1.2000000E+00
(-5.7875937E-03, -4.2503196E-03) (-1.1595020E-04, 2.4899949E-06) 1.1876289E+00
(-5.1028364E-03, -3.7845271E-03) (-1.1146943E-04, 2.0851408E-06) 1.1755102E+00
(-4.5009585E-03, -3.3728195E-03) (-1.0731985E-04, 1.7463813E-06) 1.1636364E+00
(-3.9720382E-03, -3.0084448E-03) (-1.0346133E-04, 1.4628792E-06) 1.1520000E+00
(-3.5073207E-03, -2.6855844E-03) (-9.9859826E-05, 1.2255824E-06) 1.1405941E+00
(-3.0990208E-03, -2.3991861E-03) (-9.6486337E-05, 1.0269286E-06) 1.1294118E+00
(-2.7402310E-03, -2.1448538E-03) (-9.3316124E-05, 8.6059857E-07) 1.1184466E+00
(-2.4247851E-03, -1.9187637E-03) (-9.0328007E-05, 7.2131122E-07) 1.1076923E+00
(-2.1472478E-03, -1.7175740E-03) (-8.7503799E-05, 6.0465201E-07) 1.0971429E+00
(-1.9029728E-03, -1.5383786E-03) (-8.4827831E-05, 5.0693016E-07) 1.0867925E+00
(-1.6878463E-03, -1.3786167E-03) (-8.2286556E-05, 4.2505945E-07) 1.0766355E+00
(-1.4982555E-03, -1.2360602E-03) (-7.9868213E-05, 3.5645873E-07) 1.0666667E+00
(-1.3310358E-03, -1.1087641E-03) (-7.7562558E-05, 2.9896889E-07) 1.0568807E+00
(-1.1834263E-03, -9.9502265E-04) (-7.5360627E-05, 2.5078355E-07) 1.0472727E+00
(-1.0530222E-03, -8.9332619E-04) (-7.3254543E-05, 2.1039120E-07) 1.0378378E+00
(-9.3771438E-04, -8.0235431E-04) (-7.1237357E-05, 1.7652684E-07) 1.0285714E+00
(-8.3566799E-04, -7.2092832E-04) (-6.9302907E-05, 1.4813163E-07) 1.0194690E+00
(-7.4527323E-04, -6.4801300E-04) (-6.7445708E-05, 1.2431912E-07) 1.0105263E+00
(-6.6512881E-04, -5.8268224E-04) (-6.5660854E-05, 1.0434710E-07) 1.0017391E+00
(-5.9400478E-04, -5.2411928E-04) (-6.3943937E-05, 8.7594007E-08) 9.9310345E-01
(-5.3083709E-04, -4.7159320E-04) (-6.2290981E-05, 7.3539255E-08) 9.8461538E-01
(-4.7468385E-04, -4.2447229E-04) (-6.0698380E-05, 6.1746758E-08) 9.7627119E-01
(-4.2473123E-04, -3.8217810E-04) (-5.9162855E-05, 5.1851160E-08) 9.6806723E-01
(-3.8026177E-04, -3.4420019E-04) (-5.7681407E-05, 4.3546324E-08) 9.6000000E-01
(-3.4064397E-04, -3.1008661E-04) (-5.6251288E-05, 3.6575689E-08) 9.5206612E-01
(-3.0532311E-04, -2.7943216E-04) (-5.4869966E-05, 3.0724221E-08) 9.4426230E-01
(-2.7381114E-04, -2.5187537E-04) (-5.3535101E-05, 2.5811659E-08) 9.3658537E-01
(-2.4567793E-04, -2.2709450E-04) (-5.2244526E-05, 2.1686876E-08) 9.2903226E-01
(-2.2054494E-04, -2.0479892E-04) (-5.0996225E-05, 1.8223150E-08) 9.2160000E-01
(-1.9807756E-04, -1.8473529E-04) (-4.9788317E-05, 1.5314213E-08) 9.1428571E-01
(-1.7798067E-04, -1.6666783E-04) (-4.8619045E-05, 1.2870935E-08) 9.0708661E-01
(-1.5999270E-04, -1.5039621E-04) (-4.7486761E-05, 1.0818549E-08) 9.0000000E-01
(-1.4388143E-04, -1.3572964E-04) (-4.6389918E-05, 9.0943349E-09) 8.9302326E-01
(-1.2944230E-04, -1.2250392E-04) (-4.5327060E-05, 7.6456643E-09) 8.8615385E-01
(-1.1649048E-04, -1.1057012E-04) (-4.4296811E-05, 6.4283767E-09) 8.7938931E-01
(-1.0486291E-04, -9.9794069E-05) (-4.3297875E-05, 5.4054101E-09) 8.7272727E-01
200.000000
(-1.2736622E+01, -1.5512834E+01) (-3.6449239E-01, 8.2883389E-02) 4.7912843E+00
(-1.2711586E+01, -1.5505101E+01) (-3.7091016E-01, 8.4125022E-02) 4.7925131E+00
(-1.2636794E+01, -1.5482050E+01) (-3.7732793E-01, 8.5366656E-02) 4.7912843E+00
(-1.2513817E+01, -1.5444049E+01) (-3.8605690E-01, 8.7247212E-02) 4.7875979E+00
(-1.2343352E+01, -1.5392269E+01) (-3.9792434E-01, 8.9856400E-02) 4.7814539E+00
(-1.2126461E+01, -1.5327765E+01) (-4.1319035E-01, 9.3232724E-02) 4.7728523E+00
(-1.1864362E+01, -1.5250861E+01) (-4.3203425E-01, 9.7408940E-02) 4.7617931E+00
(-1.1562569E+01, -1.5160853E+01) (-4.5462120E-01, 1.0241805E-01) 4.7482763E+00
(-1.1227298E+01, -1.5056717E+01) (-4.8111068E-01, 1.0829309E-01) 4.7323019E+00
(-1.0866057E+01, -1.4937957E+01) (-5.1164934E-01, 1.1506493E-01) 4.7138699E+00
(-1.0487683E+01, -1.4803817E+01) (-5.4635580E-01, 1.2275890E-01) 4.6929803E+00
(-1.0102531E+01, -1.4653553E+01) (-5.8529906E-01, 1.3139020E-01) 4.6696331E+00
(-9.7208690E+00, -1.4486386E+01) (-6.2847055E-01, 1.4095826E-01) 4.6438283E+00
(-9.3525052E+00, -1.4301257E+01) (-6.7574999E-01, 1.5143998E-01) 4.6155659E+00
(-9.0063044E+00, -1.4097252E+01) (-7.2686546E-01, 1.6278199E-01) 4.5848459E+00
(-8.6910201E+00, -1.3874629E+01) (-7.8134908E-01, 1.7489240E-01) 4.5516683E+00
(-8.4126649E+00, -1.3632460E+01) (-8.3849159E-01, 1.8763256E-01) 4.5160331E+00
(-8.1749077E+00, -1.3369205E+01) (-8.9730029E-01, 2.0080994E-01) 4.4779403E+00
(-7.9800088E+00, -1.3084325E+01) (-9.5646795E-01, 2.1417329E-01) 4.4373899E+00
(-7.8268547E+00, -1.2777639E+01) (-1.0143614E+00, 2.2741171E-01) 4.3943819E+00
(-7.7123917E+00, -1.2449746E+01) (-1.0690407E+00, 2.4015902E-01) 4.3489163E+00
(-7.6341742E+00, -1.2103259E+01) (-1.1183185E+00, 2.5200478E-01) 4.3009931E+00
(-7.5846619E+00, -1.1741024E+01) (-1.1598664E+00, 2.6251220E-01) 4.2506123E+00
(-7.5548509E+00, -1.1363856E+01) (-1.1913695E+00, 2.7124229E-01) 4.1977739E+00
(-7.5371800E+00, -1.0974140E+01) (-1.2107186E+00, 2.7778229E-01) 4.1424779E+00
(-7.5281314E+00, -1.0574457E+01) (-1.2162215E+00, 2.8177521E-01) 4.0847243E+00
(-7.5203241E+00, -1.0166050E+01) (-1.2068022E+00, 2.8294692E-01) 4.0245131E+00
(-7.5057214E+00, -9.7505615E+00) (-1.1821546E+00, 2.8112762E-01) 3.9618443E+00
(-7.4706736E+00, -9.3336271E+00) (-1.1428186E+00, 2.7626567E-01) 3.8967179E+00
(-7.4112921E+00, -8.9171852E+00) (-1.0901591E+00, 2.6843295E-01) 3.8291339E+00
(-7.3281210E+00, -8.5011075E+00) (-1.0262470E+00, 2.5782251E-01) 3.7590923E+00
(-7.2152772E+00, -8.0842580E+00) (-9.5366040E-01, 2.4473917E-01) 3.6865931E+00
(-7.0690551E+00, -7.6686989E+00) (-8.7524019E-01, 2.2958379E-01) 3.6116363E+00
(-6.8861860E+00, -7.2563915E+00) (-7.9383973E-01, 2.1283143E-01) 3.5342219E+00
(-6.6665814E+00, -6.8499655E+00) (-7.1210583E-01, 1.9500372E-01) 3.4543499E+00
(-6.4105246E+00, -6.4504888E+00) (-6.3231613E-01, 1.7663678E-01) 3.3720203E+00
(-6.1225259E+00, -6.0590343E+00) (-5.5629055E-01, 1.5824757E-01) 3.2872331E+00
(-5.8091155E+00, -5.6760896E+00) (-4.8530119E-01, 1.4030101E-01) 3.1999883E+00
(-5.4753532E+00, -5.3016674E+00) (-4.2013683E-01, 1.2318645E-01) 3.1135135E+00
(-5.1266449E+00, -4.9365405E+00) (-3.6128840E-01, 1.0720372E-01) 3.0315789E+00
(-4.7691053E+00, -4.5820254E+00) (-3.0889926E-01, 9.2554782E-02) 2.9538462E+00
(-4.4087643E+00, -4.2394836E+00) (-2.6278788E-01, 7.9348416E-02) 2.8800000E+00
(-4.0514201E+00, -3.9100952E+00) (-2.2260042E-01, 6.7613819E-02) 2.8097561E+00
(-3.7022992E+00, -3.5949840E+00) (-1.8786967E-01, 5.7316825E-02) 2.7428571E+00
(-3.3658670E+00, -3.2950294E+00) (-1.5806898E-01, 4.8377446E-02) 2.6790698E+00
(-3.0459146E+00, -3.0107856E+00) (-1.3265320E-01, 4.0686302E-02) 2.6181818E+00
(-2.7451009E+00, -2.7427366E+00) (-1.1108772E-01, 3.4118492E-02) 2.5600000E+00
(-2.4652180E+00, -2.4911146E+00) (-9.2867593E-02, 2.8544359E-02) 2.5043478E+00
(-2.2073083E+00, -2.2559861E+00) (-7.7528924E-02, 2.3837132E-02) 2.4510638E+00
(-1.9715506E+00, -2.0372318E+00) (-6.4654349E-02, 1.9877880E-02) 2.4000000E+00
(-1.7577215E+00, -1.8345821E+00) (-5.3874477E-02, 1.6558314E-02) 2.3510204E+00
(-1.5648951E+00, -1.6476371E+00) (-4.4866579E-02, 1.3782007E-02) 2.3040000E+00
(-1.3920686E+00, -1.4758897E+00) (-3.7351600E-02, 1.1464524E-02) 2.2588235E+00
(-1.2377463E+00, -1.3186986E+00) (-3.1090255E-02, 9.5328882E-03) 2.2153846E+00
(-1.1005526E+00, -1.1754067E+00) (-2.5878748E-02, 7.9246386E-03) 2.1735849E+00
(-9.7886451E-01, -1.0452373E+00) (-2.1544464E-02, 6.5867267E-03) 2.1333333E+00
(-8.7116424E-01, -9.2741576E-01) (-1.7941849E-02, 5.4743592E-03) 2.0945455E+00
(-7.7602712E-01, -8.2113035E-01) (-1.4948618E-02, 4.5498840E-03) 2.0571429E+00
(-6.9195331E-01, -7.2554313E-01) (-1.2462337E-02, 3.7817606E-03) 2.0210526E+00
(-6.1772285E-01, -6.3985612E-01) (-1.0397414E-02, 3.1436374E-03) 1.9862069E+00
(-5.5217736E-01, -5.6326532E-01) (-8.6824614E-03, 2.6135418E-03) 1.9525424E+00
(-4.9419199E-01, -4.9497743E-01) (-7.2580375E-03, 2.1731796E-03) 1.9200000E+00
(-4.4283911E-01, -4.3426508E-01) (-6.0747073E-03, 1.8073363E-03) 1.8885246E+00
(-3.9732253E-01, -3.8042250E-01) (-5.0913987E-03, 1.5033686E-03) 1.8580645E+00
(-3.5689602E-01, -3.3277609E-01) (-4.2740141E-03, 1.2507757E-03) 1.8285714E+00
(-3.2088446E-01, -2.9070137E-01) (-3.5942626E-03, 1.0408399E-03) 1.8000000E+00
(-2.8874830E-01, -2.5363417E-01) (-3.0286808E-03, 8.6632548E-04) 1.7723077E+00
(-2.6002413E-01, -2.2104163E-01) (-2.5578154E-03, 7.2122722E-04) 1.7454545E+00
(-2.3429194E-01, -1.9243207E-01) (-2.1655409E-03, 6.0056173E-04) 1.7194030E+00
(-2.1118486E-01, -1.6736166E-01) (-1.8384914E-03, 5.0019329E-04) 1.6941176E+00
(-1.9038002E-01, -1.4542974E-01) (-1.5655890E-03, 4.1668943E-04) 1.6695652E+00
(-1.7162110E-01, -1.2627804E-01) (-1.3376516E-03, 3.4720101E-04) 1.6457143E+00
(-1.5468626E-01, -1.0957813E-01) (-1.1470679E-03, 2.8936269E-04) 1.6225352E+00
(-1.3937470E-01, -9.5034608E-02) (-9.8752756E-04, 2.4121049E-04) 1.6000000E+00
(-1.2551332E-01, -8.2384600E-02) (-8.5379825E-04, 2.0111332E-04) 1.5780822E+00
(-1.1295326E-01, -7.1395703E-02) (-7.4154028E-04, 1.6771629E-04) 1.5567568E+00
(-1.0156355E-01, -6.1862089E-02) (-6.4715349E-04, 1.3989368E-04) 1.5360000E+00
(-9.1228691E-02, -5.3600916E-02) (-5.6765043E-04, 1.1671000E-04) 1.5157895E+00
(-8.1854559E-02, -4.6451346E-02) (-5.0055130E-04, 9.7387616E-05) 1.4961039E+00
(-7.3355427E-02, -4.0268653E-02) (-4.4379698E-04, 8.1280001E-05) 1.4769231E+00
(-6.5653416E-02, -3.4925613E-02) (-3.9567707E-04, 6.7849482E-05) 1.4582278E+00
(-5.8678734E-02, -3.0311053E-02) (-3.5477030E-04, 5.6648812E-05) 1.4400000E+00
(-5.2369349E-02, -2.6328017E-02) (-3.1989511E-04, 4.7305878E-05) 1.4222222E+00
(-4.6668970E-02, -2.2891644E-02) (-2.9006884E-04, 3.9511000E-05) 1.4048780E+00
(-4.1526696E-02, -1.9927902E-02) (-2.6447382E-04, 3.3006399E-05) 1.3879518E+00
(-3.6895807E-02, -1.7372004E-02) (-2.4242933E-04, 2.7577452E-05) 1.3714286E+00
(-3.2732905E-02, -1.5167412E-02) (-2.2336836E-04, 2.3045419E-05) 1.3552941E+00
(-2.8997539E-02, -1.3265048E-02) (-2.0681832E-04, 1.9261419E-05) 1.3395349E+00
(-2.5653242E-02, -1.1622441E-02) (-1.9238507E-04, 1.6101407E-05) 1.3241379E+00
(-2.2665840E-02, -1.0202528E-02) (-1.7973966E-04, 1.3462012E-05) 1.3090909E+00
(-2.0002999E-02, -8.9733819E-03) (-1.6860737E-04, 1.1257073E-05) 1.2943820E+00
(-1.7634300E-02, -7.9075319E-03) (-1.5875854E-04, 9.4147586E-06) 1.2800000E+00
(-1.5531589E-02, -6.9816082E-03) (-1.5000104E-04, 7.8751685E-06) 1.2659341E+00
(-1.3668929E-02, -6.1757069E-03) (-1.4217397E-04, 6.5883452E-06) 1.2521739E+00
(-1.2022061E-02, -5.4728229E-03) (-1.3514242E-04, 5.5126134E-06) 1.2387097E+00
(-1.0568424E-02, -4.8583748E-03) (-1.2879319E-04, 4.6132004E-06) 1.2255319E+00
(-9.2874339E-03, -4.3199641E-03) (-1.2303112E-04, 3.8610875E-06) 1.2126316E+00
(-8.1603234E-03, -3.8471167E-03) (-1.1777613E-04, 3.2320528E-06) 1.2000000E+00
(-7.1699028E-03, -3.4308918E-03) (-1.1296073E-04, 2.7058749E-06) 1.1876289E+00
(-6.3004913E-03, -3.0636569E-03) (-1.0852794E-04, 2.2656690E-06) 1.1755102E+00
(-5.5378604E-03, -2.7388961E-03) (-1.0442955E-04, 1.8973337E-06) 1.1636364E+00
(-4.8693030E-03, -2.4510906E-03) (-1.0062473E-04, 1.5890902E-06) 1.1520000E+00
(-4.2835066E-03, -2.1955702E-03) (-9.7078770E-05, 1.3310980E-06) 1.1405941E+00
(-3.7703734E-03, -1.9683309E-03) (-9.3762135E-05, 1.1151345E-06) 1.1294118E+00
(-3.3209265E-03, -1.7659268E-03) (-9.0649613E-05, 9.3432798E-07) 1.1184466E+00
(-2.9271720E-03, -1.5853884E-03) (-8.7719625E-05, 7.8293461E-07) 1.1076923E+00
(-2.5820599E-03, -1.4241355E-03) (-8.4953644E-05, 6.5615256E-07) 1.0971429E+00
(-2.2794748E-03, -1.2799433E-03) (-8.2335719E-05, 5.4996689E-07) 1.0867925E+00
(-2.0140405E-03, -1.1508600E-03) (-7.9852062E-05, 4.6102009E-07) 1.0766355E+00
(-1.7810488E-03, -1.0351984E-03) (-7.7490721E-05, 3.8650399E-07) 1.0666667E+00
(-1.5763831E-03, -9.3148946E-04) (-7.5241291E-05, 3.2406952E-07) 1.0568807E+00
(-1.3964568E-03, -8.3844488E-04) (-7.3094677E-05, 2.7175135E-07) 1.0472727E+00
(-1.2381527E-03, -7.5491938E-04) (-7.1042903E-05, 2.2790500E-07) 1.0378378E+00
(-1.0987433E-03, -6.7991165E-04) (-6.9078938E-05, 1.9115423E-07) 1.0285714E+00
(-9.7586465E-04, -6.1252044E-04) (-6.7196561E-05, 1.6034712E-07) 1.0194690E+00
(-8.6744936E-04, -5.5195304E-04) (-6.5390245E-05, 1.3451942E-07) 1.0105263E+00
(-7.7170543E-04, -4.9749416E-04) (-6.3655052E-05, 1.1286381E-07) 1.0017391E+00
(-6.8706626E-04, -4.4851092E-04) (-6.1986558E-05, 9.4704288E-08) 9.9310345E-01
(-6.1218014E-04, -4.0443287E-04) (-6.0380778E-05, 7.9474759E-08) 9.8461538E-01
(-5.4585400E-04, -3.6476918E-04) (-5.8834107E-05, 6.6701070E-08) 9.7627119E-01
(-4.8706239E-04, -3.2906331E-04) (-5.7343273E-05, 5.5986044E-08) 9.6806723E-01
(-4.3490499E-04, -2.9691146E-04) (-5.5905289E-05, 4.6996940E-08) 9.6000000E-01
(-3.8859373E-04, -2.6795435E-04) (-5.4517424E-05, 3.9454961E-08) 9.5206612E-01
(-3.4743929E-04, -2.4186782E-04) (-5.3177165E-05, 3.3126483E-08) 9.4426230E-01
(-3.1083807E-04, -2.1836110E-04) (-5.1882198E-05, 2.7815711E-08) 9.3658537E-01
(-2.7826057E-04, -1.9717419E-04) (-5.0630380E-05, 2.3358533E-08) 9.2903226E-01
(-2.4924321E-04, -1.7807059E-04) (-4.9419721E-05, 1.9617381E-08) 9.2160000E-01
(-2.2337695E-04, -1.6084405E-04) (-4.8248370E-05, 1.6476919E-08) 9.1428571E-01
(-2.0030396E-04, -1.4530050E-04) (-4.7114598E-05, 1.3840443E-08) 9.0708661E-01
(-1.7970680E-04, -1.3127571E-04) (-4.6016787E-05, 1.1626862E-08) 9.0000000E-01
(-1.6130705E-04, -1.1861112E-04) (-4.4953419E-05, 9.7681661E-09) 8.9302326E-01
(-1.4485969E-04, -1.0717031E-04) (-4.3923067E-05, 8.2073152E-09) 8.8615385E-01
(-1.3014505E-04, -9.6829188E-05) (-4.2924387E-05, 6.8964605E-09) 8.7938931E-01
(-1.1696988E-04, -8.7475532E-05) (-4.1956109E-05, 5.7954612E-09) 8.7272727E-01
225.000000
(-9.0189313E+00, -1.6644549E+01) (-3.5660814E-01, 8.8864709E-02) 4.7912843E+00
(-8.9942473E+00, -1.6637197E+01) (-3.6275144E-01, 9.0162339E-02) 4.7925131E+00
(-8.9205470E+00, -1.6615235E+01) (-3.6889475E-01, 9.1459968E-02) 4.7912843E+00
(-8.7996075E+00, -1.6578844E+01) (-3.7724559E-01, 9.3432204E-02) 4.7875979E+00
(-8.6324358E+00, -1.6528841E+01) (-3.8859296E-01, 9.6169207E-02) 4.7814539E+00
(-8.4205346E+00, -1.6465782E+01) (-4.0317990E-01, 9.9709348E-02) 4.7728523E+00
(-8.1656457E+00, -1.6389546E+01) (-4.2117016E-01, 1.0408494E-01) 4.7617931E+00
(-7.8740512E+00, -1.6299473E+01) (-4.4271180E-01, 1.0932818E-01) 4.7482763E+00
(-7.5529036E+00, -1.6194299E+01) (-4.6794515E-01, 1.1547080E-01) 4.7323019E+00
(-7.2106404E+00, -1.6072454E+01) (-4.9699584E-01, 1.2254172E-01) 4.7138699E+00
(-6.8567624E+00, -1.5933176E+01) (-5.2996025E-01, 1.3056344E-01) 4.6929803E+00
(-6.5018184E+00, -1.5776019E+01) (-5.6688499E-01, 1.3954729E-01) 4.6696331E+00
(-6.1565975E+00, -1.5599892E+01) (-6.0774059E-01, 1.4948755E-01) 4.6438283E+00
(-5.8315590E+00, -1.5403386E+01) (-6.5238961E-01, 1.6035446E-01) 4.6155659E+00
(-5.5360391E+00, -1.5185338E+01) (-7.0054967E-01, 1.7208638E-01) 4.5848459E+00
(-5.2789585E+00, -1.4945940E+01) (-7.5175303E-01, 1.8458139E-01) 4.5516683E+00
(-5.0669334E+00, -1.4684158E+01) (-8.0530550E-01, 1.9768910E-01) 4.5160331E+00
(-4.9043573E+00, -1.4398375E+01) (-8.6024957E-01, 2.1120362E-01) 4.4779403E+00
(-4.7937147E+00, -1.4088131E+01) (-9.1533814E-01, 2.2485909E-01) 4.4373899E+00
(-4.7346098E+00, -1.3753035E+01) (-9.6902749E-01, 2.3832913E-01) 4.3943819E+00
(-4.7241645E+00, -1.3393526E+01) (-1.0194986E+00, 2.5123194E-01) 4.3489163E+00
(-4.7572266E+00, -1.3012884E+01) (-1.0647161E+00, 2.6314203E-01) 4.3009931E+00
(-4.8248937E+00, -1.2613928E+01) (-1.1025290E+00, 2.7360903E-01) 4.2506123E+00
(-4.9181359E+00, -1.2197493E+01) (-1.1308155E+00, 2.8218284E-01) 4.1977739E+00
(-5.0281739E+00, -1.1766173E+01) (-1.1476592E+00, 2.8844317E-01) 4.1424779E+00
(-5.1491981E+00, -1.1323016E+01) (-1.1515412E+00, 2.9203018E-01) 4.0847243E+00
(-5.2724444E+00, -1.0870371E+01) (-1.1415190E+00, 2.9267284E-01) 4.0245131E+00
(-5.3894215E+00, -1.0410437E+01) (-1.1173610E+00, 2.9021144E-01) 3.9618443E+00
(-5.4878483E+00, -9.9438561E+00) (-1.0796111E+00, 2.8461203E-01) 3.8967179E+00
(-5.5618591E+00, -9.4745351E+00) (-1.0295640E+00, 2.7597180E-01) 3.8291339E+00
(-5.6084283E+00, -9.0065387E+00) (-9.6915324E-01, 2.6451530E-01) 3.7590923E+00
(-5.6215082E+00, -8.5394571E+00) (-9.0076868E-01, 2.5058260E-01) 3.6865931E+00
(-5.5969331E+00, -8.0751888E+00) (-8.2703345E-01, 2.3460989E-01) 3.6116363E+00
(-5.5318193E+00, -7.6155292E+00) (-7.5057737E-01, 2.1710346E-01) 3.5342219E+00
(-5.4256556E+00, -7.1633574E+00) (-6.7383874E-01, 1.9860847E-01) 3.4543499E+00
(-5.2790572E+00, -6.7203004E+00) (-5.9891736E-01, 1.7967442E-01) 3.3720203E+00
(-5.0960764E+00, -6.2873652E+00) (-5.2749459E-01, 1.6082106E-01) 3.2872331E+00
(-4.8824009E+00, -5.8646937E+00) (-4.6074764E-01, 1.4250668E-01) 3.1999883E+00
(-4.6431192E+00, -5.4528360E+00) (-3.9941004E-01, 1.2510734E-01) 3.1135135E+00
(-4.3837250E+00, -5.0533169E+00) (-3.4394725E-01, 1.0890614E-01) 3.0315789E+00
(-4.1102630E+00, -4.6679983E+00) (-2.9450371E-01, 9.4087783E-02) 2.9538462E+00
(-3.8286854E+00, -4.2985204E+00) (-2.5091980E-01, 8.0745599E-02) 2.8800000E+00
(-3.5446979E+00, -3.9461021E+00) (-2.1287526E-01, 6.8896410E-02) 2.8097561E+00
(-3.2633879E+00, -3.6116815E+00) (-1.7994289E-01, 5.8497170E-02) 2.7428571E+00
(-2.9891635E+00, -3.2958303E+00) (-1.5163825E-01, 4.9462259E-02) 2.6790698E+00
(-2.7258402E+00, -2.9987548E+00) (-1.2745771E-01, 4.1679284E-02) 2.6181818E+00
(-2.4761720E+00, -2.7205387E+00) (-1.0690559E-01, 3.5022209E-02) 2.5600000E+00
(-2.2421444E+00, -2.4610345E+00) (-8.9512220E-02, 2.9361410E-02) 2.5043478E+00
(-2.0250340E+00, -2.2199560E+00) (-7.4844860E-02, 2.4570754E-02) 2.4510638E+00
(-1.8253438E+00, -1.9968428E+00) (-6.2513124E-02, 2.0532150E-02) 2.4000000E+00
(-1.6431533E+00, -1.7911589E+00) (-5.2170623E-02, 1.7138092E-02) 2.3510204E+00
(-1.4779228E+00, -1.6022385E+00) (-4.3513993E-02, 1.4292750E-02) 2.3040000E+00
(-1.3289630E+00, -1.4293874E+00) (-3.6280320E-02, 1.1912058E-02) 2.2588235E+00
(-1.1951688E+00, -1.2717771E+00) (-3.0243666E-02, 9.9231675E-03) 2.2153846E+00
(-1.0754598E+00, -1.1286188E+00) (-2.5211193E-02, 8.2635532E-03) 2.1735849E+00
(-9.6855377E-01, -9.9901707E-01) (-2.1019234E-02, 6.8799451E-03) 2.1333333E+00
(-8.7322399E-01, -8.8210063E-01) (-1.7529509E-02, 5.7272189E-03) 2.0945455E+00
(-7.8829623E-01, -7.7699041E-01) (-1.4625622E-02, 4.7673222E-03) 2.0571429E+00
(-7.1255550E-01, -6.8277812E-01) (-1.2209895E-02, 3.9682778E-03) 2.0210526E+00
(-6.4498887E-01, -5.9861828E-01) (-1.0200556E-02, 3.3032874E-03) 1.9862069E+00
(-5.8463559E-01, -5.2367134E-01) (-8.5292914E-03, 2.7499394E-03) 1.9525424E+00
(-5.3058329E-01, -4.5710691E-01) (-7.1391168E-03, 2.2895221E-03) 1.9200000E+00
(-4.8206884E-01, -3.9816945E-01) (-5.9825632E-03, 1.9064318E-03) 1.8885246E+00
(-4.3843532E-01, -3.4613392E-01) (-5.0201269E-03, 1.5876695E-03) 1.8580645E+00
(-3.9907928E-01, -3.0030841E-01) (-4.2189596E-03, 1.3224132E-03) 1.8285714E+00
(-3.6346294E-01, -2.6005011E-01) (-3.5517633E-03, 1.1016585E-03) 1.8000000E+00
(-3.3115092E-01, -2.2478131E-01) (-2.9958633E-03, 9.1791582E-04) 1.7723077E+00
(-3.0177065E-01, -1.9395930E-01) (-2.5324308E-03, 7.6495729E-04) 1.7454545E+00
(-2.7499026E-01, -1.6708339E-01) (-2.1458344E-03, 6.3760487E-04) 1.7194030E+00
(-2.5052328E-01, -1.4370160E-01) (-1.8230981E-03, 5.3155375E-04) 1.6941176E+00
(-2.2812038E-01, -1.2340554E-01) (-1.5534514E-03, 4.4322518E-04) 1.6695652E+00
(-2.0758169E-01, -1.0583135E-01) (-1.3279537E-03, 3.6964382E-04) 1.6457143E+00
(-1.8873446E-01, -9.0646822E-02) (-1.1391828E-03, 3.0833589E-04) 1.6225352E+00
(-1.7142354E-01, -7.7553361E-02) (-9.8097681E-04, 2.5724436E-04) 1.6000000E+00
(-1.5551563E-01, -6.6285601E-02) (-8.4821854E-04, 2.1465853E-04) 1.5780822E+00
(-1.4089565E-01, -5.6609363E-02) (-7.3665803E-04, 1.7915548E-04) 1.5567568E+00
(-1.2746150E-01, -4.8317611E-02) (-6.4276452E-04, 1.4955150E-04) 1.5360000E+00
(-1.1512219E-01, -4.1226717E-02) (-5.6360400E-04, 1.2486166E-04) 1.5157895E+00
(-1.0380077E-01, -3.5176151E-02) (-4.9673760E-04, 1.0426631E-04) 1.4961039E+00
(-9.3426271E-02, -3.0022040E-02) (-4.4013743E-04, 8.7083185E-05) 1.4769231E+00
(-8.3932979E-02, -2.5638419E-02) (-3.9211668E-04, 7.2744262E-05) 1.4582278E+00
(-7.5260307E-02, -2.1915657E-02) (-3.5127174E-04, 6.0776558E-05) 1.4400000E+00
(-6.7352599E-02, -1.8758666E-02) (-3.1643419E-04, 5.0786130E-05) 1.4222222E+00
(-6.0157498E-02, -1.6084691E-02) (-2.8663098E-04, 4.2444805E-05) 1.4048780E+00
(-5.3625884E-02, -1.3822106E-02) (-2.6105134E-04, 3.5479142E-05) 1.3879518E+00
(-4.7711102E-02, -1.1908726E-02) (-2.3901944E-04, 2.9661259E-05) 1.3714286E+00
(-4.2368457E-02, -1.0290791E-02) (-2.1997159E-04, 2.4801200E-05) 1.3552941E+00
(-3.7555082E-02, -8.9221473E-03) (-2.0343738E-04, 2.0740597E-05) 1.3395349E+00
(-3.3230516E-02, -7.7633748E-03) (-1.8902399E-04, 1.7347385E-05) 1.3241379E+00
(-2.9355959E-02, -6.7805865E-03) (-1.7640318E-04, 1.4511418E-05) 1.3090909E+00
(-2.5894037E-02, -5.9450448E-03) (-1.6530048E-04, 1.2140808E-05) 1.2943820E+00
(-2.2808922E-02, -5.2324024E-03) (-1.5548618E-04, 1.0158885E-05) 1.2800000E+00
(-2.0066712E-02, -4.6224000E-03) (-1.4676789E-04, 8.5016684E-06) 1.2659341E+00
(-1.7635528E-02, -4.0982063E-03) (-1.3898430E-04, 7.1157526E-06) 1.2521739E+00
(-1.5485171E-02, -3.6457724E-03) (-1.3200005E-04, 5.9565530E-06) 1.2387097E+00
(-1.3587248E-02, -3.2533415E-03) (-1.2570143E-04, 4.9868425E-06) 1.2255319E+00
(-1.1915504E-02, -2.9112324E-03) (-1.1999274E-04, 4.1755313E-06) 1.2126316E+00
(-1.0445726E-02, -2.6115587E-03) (-1.1479343E-04, 3.4966512E-06) 1.2000000E+00
(-9.1556048E-03, -2.3477902E-03) (-1.1003552E-04, 2.9285079E-06) 1.1876289E+00
(-8.0246972E-03, -2.1145212E-03) (-1.0566157E-04, 2.4529748E-06) 1.1755102E+00
(-7.0343892E-03, -1.9072782E-03) (-1.0162299E-04, 2.0549035E-06) 1.1636364E+00
(-6.1679494E-03, -1.7224230E-03) (-9.7878563E-05, 1.7216330E-06) 1.1520000E+00
(-5.4104035E-03, -1.5570032E-03) (-9.4393269E-05, 1.4425791E-06) 1.1405941E+00
(-4.7483658E-03, -1.4085599E-03) (-9.1137287E-05, 1.2088928E-06) 1.1294118E+00
(-4.1699298E-03, -1.2750287E-03) (-8.8085155E-05, 1.0131745E-06) 1.1184466E+00
(-3.6645180E-03, -1.1546674E-03) (-8.5215083E-05, 8.4923550E-07) 1.1076923E+00
(-3.2228050E-03, -1.0459793E-03) (-8.2508364E-05, 7.1189960E-07) 1.0971429E+00
(-2.8366417E-03, -9.4770224E-04) (-7.9948896E-05, 5.9683640E-07) 1.0867925E+00
(-2.4988899E-03, -8.5873585E-04) (-7.7522769E-05, 5.0042277E-07) 1.0766355E+00
(-2.2033107E-03, -7.7814096E-04) (-7.5217926E-05, 4.1962690E-07) 1.0666667E+00
(-1.9444579E-03, -7.0510135E-04) (-7.3023882E-05, 3.5191143E-07) 1.0568807E+00
(-1.7175935E-03, -6.3889722E-04) (-7.0931482E-05, 2.9515254E-07) 1.0472727E+00
(-1.5186064E-03, -5.7887730E-04) (-6.8932700E-05, 2.4757235E-07) 1.0378378E+00
(-1.3439083E-03, -5.2447072E-04) (-6.7020474E-05, 2.0768233E-07) 1.0285714E+00
(-1.1903962E-03, -4.7514914E-04) (-6.5188561E-05, 1.7423609E-07) 1.0194690E+00
(-1.0553647E-03, -4.3044436E-04) (-6.3431422E-05, 1.4618986E-07) 1.0105263E+00
(-9.3647471E-04, -3.8992230E-04) (-6.1744116E-05, 1.2266943E-07) 1.0017391E+00
(-8.3168799E-04, -3.5319436E-04) (-6.0122223E-05, 1.0294252E-07) 9.9310345E-01
(-7.3924785E-04, -3.1990263E-04) (-5.8561768E-05, 8.6395681E-08) 9.8461538E-01
(-6.5760956E-04, -2.8974197E-04) (-5.7059162E-05, 7.2514943E-08) 9.7627119E-01
(-5.8544781E-04, -2.6241641E-04) (-5.5611150E-05, 6.0869632E-08) 9.6806723E-01
(-5.2160299E-04, -2.3766211E-04) (-5.4214769E-05, 5.1098835E-08) 9.6000000E-01
(-4.6506465E-04, -2.1524107E-04) (-5.2867311E-05, 4.2900066E-08) 9.5206612E-01
(-4.1495149E-04, -1.9493489E-04) (-5.1566292E-05, 3.6019779E-08) 9.4426230E-01
(-3.7049451E-04, -1.7654487E-04) (-5.0309425E-05, 3.0245430E-08) 9.3658537E-01
(-3.3102161E-04, -1.5989119E-04) (-4.9094595E-05, 2.5398825E-08) 9.2903226E-01
(-2.9594626E-04, -1.4480752E-04) (-4.7919843E-05, 2.1330555E-08) 9.2160000E-01
(-2.6475237E-04, -1.3114849E-04) (-4.6783349E-05, 1.7915333E-08) 9.1428571E-01
(-2.3699004E-04, -1.1877396E-04) (-4.5683414E-05, 1.5048090E-08) 9.0708661E-01
(-2.1226074E-04, -1.0756627E-04) (-4.4618450E-05, 1.2640702E-08) 9.0000000E-01
(-1.9021731E-04, -9.7408330E-05) (-4.3586970E-05, 1.0619250E-08) 8.9302326E-01
(-1.7055459E-04, -8.8199345E-05) (-4.2587577E-05, 8.9217278E-09) 8.8615385E-01
(-1.5300099E-04, -7.9846859E-05) (-4.1618955E-05, 7.4961129E-09) 8.7938931E-01
(-1.3731818E-04, -7.2266572E-05) (-4.0679865E-05, 6.2987576E-09) 8.7272727E-01
250.000000
(-5.2369662E+00, -1.7804694E+01) (-3.4523889E-01, 9.3725712E-02) 4.7912843E+00
(-5.2138074E+00, -1.7797725E+01) (-3.5109435E-01, 9.5060710E-02) 4.7925131E+00
(-5.1447303E+00, -1.7776816E+01) (-3.5694982E-01, 9.6395708E-02) 4.7912843E+00
(-5.0316533E+00, -1.7741790E+01) (-3.6489683E-01, 9.8431082E-02) 4.7875979E+00
(-4.8758915E+00, -1.7692846E+01) (-3.7568871E-01, 1.0125625E-01) 4.7814539E+00
(-4.6797145E+00, -1.7629746E+01) (-3.8955355E-01, 1.0490895E-01) 4.7728523E+00
(-4.4460342E+00, -1.7551734E+01) (-4.0664208E-01, 1.0942062E-01) 4.7617931E+00
(-4.1806030E+00, -1.7458046E+01) (-4.2708845E-01, 1.1482224E-01) 4.7482763E+00
(-3.8901401E+00, -1.7347756E+01) (-4.5101796E-01, 1.2114389E-01) 4.7323019E+00
(-3.5827834E+00, -1.7220550E+01) (-4.7854037E-01, 1.2841223E-01) 4.7138699E+00
(-3.2685246E+00, -1.7074796E+01) (-5.0973614E-01, 1.3664680E-01) 4.6929803E+00
(-2.9591648E+00, -1.6908803E+01) (-5.4463711E-01, 1.4585509E-01) 4.6696331E+00
(-2.6662094E+00, -1.6721345E+01) (-5.8320187E-01, 1.5602658E-01) 4.6438283E+00
(-2.4006210E+00, -1.6511150E+01) (-6.2528599E-01, 1.6712561E-01) 4.6155659E+00
(-2.1717993E+00, -1.6277020E+01) (-6.7060788E-01, 1.7908346E-01) 4.5848459E+00
(-1.9873488E+00, -1.6018231E+01) (-7.1871164E-01, 1.9178998E-01) 4.5516683E+00
(-1.8542459E+00, -1.5733973E+01) (-7.6892972E-01, 2.0508542E-01) 4.5160331E+00
(-1.7781698E+00, -1.5423612E+01) (-8.2034989E-01, 2.1875367E-01) 4.4779403E+00
(-1.7613567E+00, -1.5087187E+01) (-8.7179256E-01, 2.3251794E-01) 4.4373899E+00
(-1.8013810E+00, -1.4725184E+01) (-9.2180612E-01, 2.4604077E-01) 4.3943819E+00
(-1.8933330E+00, -1.4338648E+01) (-9.6868897E-01, 2.5892955E-01) 4.3489163E+00
(-2.0328316E+00, -1.3929182E+01) (-1.0105457E+00, 2.7074893E-01) 4.3009931E+00
(-2.2122512E+00, -1.3498108E+01) (-1.0453824E+00, 2.8104036E-01) 4.2506123E+00
(-2.4248844E+00, -1.3046907E+01) (-1.0712405E+00, 2.8934812E-01) 4.1977739E+00
(-2.6614544E+00, -1.2577831E+01) (-1.0863596E+00, 2.9524968E-01) 4.1424779E+00
(-2.9116246E+00, -1.2094106E+01) (-1.0893528E+00, 2.9838745E-01) 4.0847243E+00
(-3.1647320E+00, -1.1598781E+01) (-1.0793695E+00, 2.9849798E-01) 4.0245131E+00
(-3.4111638E+00, -1.1094016E+01) (-1.0562170E+00, 2.9543524E-01) 3.9618443E+00
(-3.6408070E+00, -1.0579905E+01) (-1.0204167E+00, 2.8918521E-01) 3.8967179E+00
(-3.8454806E+00, -1.0060281E+01) (-9.7317993E-01, 2.7987052E-01) 3.8291339E+00
(-4.0191077E+00, -9.5406659E+00) (-9.1630469E-01, 2.6774498E-01) 3.7590923E+00
(-4.1554436E+00, -9.0222885E+00) (-8.5200736E-01, 2.5317880E-01) 3.6865931E+00
(-4.2498700E+00, -8.5075438E+00) (-7.8271890E-01, 2.3663565E-01) 3.6116363E+00
(-4.2995696E+00, -7.9986791E+00) (-7.1087729E-01, 2.1864320E-01) 3.5342219E+00
(-4.3036182E+00, -7.4986670E+00) (-6.3874584E-01, 1.9975915E-01) 3.4543499E+00
(-4.2627889E+00, -7.0092897E+00) (-5.6827782E-01, 1.8053562E-01) 3.3720203E+00
(-4.1807138E+00, -6.5321051E+00) (-5.0104254E-01, 1.6148560E-01) 3.2872331E+00
(-4.0624437E+00, -6.0679231E+00) (-4.3814246E-01, 1.4305349E-01) 3.1999883E+00
(-3.9131432E+00, -5.6176199E+00) (-3.8026954E-01, 1.2559729E-01) 3.1135135E+00
(-3.7384561E+00, -5.1829687E+00) (-3.2787172E-01, 1.0938101E-01) 3.0315789E+00
(-3.5444569E+00, -4.7659651E+00) (-2.8109769E-01, 9.4571883E-02) 2.9538462E+00
(-3.3371011E+00, -4.3682820E+00) (-2.3980920E-01, 8.1248994E-02) 2.8800000E+00
(-3.1220716E+00, -3.9910878E+00) (-2.0371670E-01, 6.9418897E-02) 2.8097561E+00
(-2.9043968E+00, -3.6351824E+00) (-1.7242871E-01, 5.9032144E-02) 2.7428571E+00
(-2.6884791E+00, -3.3009442E+00) (-1.4549818E-01, 4.9999973E-02) 2.6790698E+00
(-2.4781817E+00, -2.9883608E+00) (-1.2245803E-01, 4.2209281E-02) 2.6181818E+00
(-2.2763612E+00, -2.6972640E+00) (-1.0284681E-01, 3.5534916E-02) 2.5600000E+00
(-2.0851749E+00, -2.4272498E+00) (-8.6225916E-02, 2.9849010E-02) 2.5043478E+00
(-1.9061039E+00, -2.1777785E+00) (-7.2190076E-02, 2.5027520E-02) 2.4510638E+00
(-1.7399241E+00, -1.9481294E+00) (-6.0372775E-02, 2.0954422E-02) 2.4000000E+00
(-1.5869787E+00, -1.7375419E+00) (-5.0448043E-02, 1.7524045E-02) 2.3510204E+00
(-1.4470576E+00, -1.5451154E+00) (-4.2129784E-02, 1.4642059E-02) 2.3040000E+00
(-1.3197562E+00, -1.3699650E+00) (-3.5169548E-02, 1.2225547E-02) 2.2588235E+00
(-1.2043141E+00, -1.2110700E+00) (-2.9353413E-02, 1.0202484E-02) 2.2153846E+00
(-1.0999324E+00, -1.0674826E+00) (-2.4498468E-02, 8.5108875E-03) 2.1735849E+00
(-1.0056461E+00, -9.3816040E-01) (-2.0449199E-02, 7.0978000E-03) 2.1333333E+00
(-9.2051105E-01, -8.2210166E-01) (-1.7073995E-02, 5.9182357E-03) 2.0945455E+00
(-8.4360838E-01, -7.1832227E-01) (-1.4261896E-02, 4.9341521E-03) 2.0571429E+00
(-7.7400079E-01, -6.2581123E-01) (-1.1919642E-02, 4.1134918E-03) 2.0210526E+00
(-7.1089576E-01, -5.4364005E-01) (-9.9690445E-03, 3.4293172E-03) 1.9862069E+00
(-6.5354331E-01, -4.7090188E-01) (-8.3446844E-03, 2.8590425E-03) 1.9525424E+00
(-6.0124734E-01, -4.0670235E-01) (-6.9919187E-03, 2.3837635E-03) 1.9200000E+00
(-5.5342257E-01, -3.5023279E-01) (-5.8651646E-03, 1.9876791E-03) 1.8885246E+00
(-5.0956737E-01, -3.0072790E-01) (-4.9264372E-03, 1.6575958E-03) 1.8580645E+00
(-4.6923044E-01, -2.5746047E-01) (-4.1441095E-03, 1.3825063E-03) 1.8285714E+00
(-4.3201663E-01, -2.1975552E-01) (-3.4918646E-03, 1.1532330E-03) 1.8000000E+00
(-3.9760493E-01, -1.8701046E-01) (-2.9478149E-03, 9.6212752E-04) 1.7723077E+00
(-3.6572297E-01, -1.5866468E-01) (-2.4937625E-03, 8.0281766E-04) 1.7454545E+00
(-3.3613238E-01, -1.3420237E-01) (-2.1145812E-03, 6.6999594E-04) 1.7194030E+00
(-3.0863027E-01, -1.1315865E-01) (-1.7976990E-03, 5.5924225E-04) 1.6941176E+00
(-2.8304190E-01, -9.5114018E-02) (-1.5326681E-03, 4.6687579E-04) 1.6695652E+00
(-2.5922654E-01, -7.9696803E-02) (-1.3108055E-03, 3.8983142E-04) 1.6457143E+00
(-2.3706216E-01, -6.6570087E-02) (-1.1248946E-03, 3.2555669E-04) 1.6225352E+00
(-2.1643887E-01, -5.5431954E-02) (-9.6893672E-04, 2.7192590E-04) 1.6000000E+00
(-1.9726171E-01, -4.6014766E-02) (-8.3794483E-04, 2.2716860E-04) 1.5780822E+00
(-1.7944721E-01, -3.8083158E-02) (-7.2777210E-04, 1.8981006E-04) 1.5567568E+00
(-1.6291928E-01, -3.1429848E-02) (-6.3496955E-04, 1.5862170E-04) 1.5360000E+00
(-1.4760805E-01, -2.5871786E-02) (-5.5666789E-04, 1.3257987E-04) 1.5157895E+00
(-1.3345093E-01, -2.1250359E-02) (-4.9047935E-04, 1.1083149E-04) 1.4961039E+00
(-1.2038819E-01, -1.7424416E-02) (-4.3441629E-04, 9.2665563E-05) 1.4769231E+00
(-1.0836229E-01, -1.4271133E-02) (-3.8682356E-04, 7.7489354E-05) 1.4582278E+00
(-9.7317662E-02, -1.1684280E-02) (-3.4632238E-04, 6.4808663E-05) 1.4400000E+00
(-8.7200811E-02, -9.5725183E-03) (-3.1176374E-04, 5.4211356E-05) 1.4222222E+00
(-7.7959126E-02, -7.8570556E-03) (-2.8218969E-04, 4.5353676E-05) 1.4048780E+00
(-6.9541135E-02, -6.4704910E-03) (-2.5680122E-04, 3.7948842E-05) 1.3879518E+00
(-6.1896176E-02, -5.3550577E-03) (-2.3493158E-04, 3.1757565E-05) 1.3714286E+00
(-5.4974253E-02, -4.4615091E-03) (-2.1602408E-04, 2.6580143E-05) 1.3552941E+00
(-4.8726153E-02, -3.7482611E-03) (-1.9961364E-04, 2.2249882E-05) 1.3395349E+00
(-4.3103834E-02, -3.1805049E-03) (-1.8531152E-04, 1.8627614E-05) 1.3241379E+00
(-3.8060393E-02, -2.7290192E-03) (-1.7279258E-04, 1.5597131E-05) 1.3090909E+00
(-3.3550053E-02, -2.3696391E-03) (-1.6178463E-04, 1.3061380E-05) 1.2943820E+00
(-2.9528390E-02, -2.0824104E-03) (-1.5205969E-04, 1.0939291E-05) 1.2800000E+00
(-2.5952780E-02, -1.8513391E-03) (-1.4342663E-04, 9.1631322E-06) 1.2659341E+00
(-2.2782650E-02, -1.6637174E-03) (-1.3572505E-04, 7.6763073E-06) 1.2521739E+00
(-1.9979312E-02, -1.5094135E-03) (-1.2882025E-04, 6.4315157E-06) 1.2387097E+00
(-1.7506208E-02, -1.3803682E-03) (-1.2259894E-04, 5.3892198E-06) 1.2255319E+00
(-1.5329277E-02, -1.2704008E-03) (-1.1696576E-04, 4.5163652E-06) 1.2126316E+00
(-1.3416930E-02, -1.1749133E-03) (-1.1184034E-04, 3.7853135E-06) 1.2000000E+00
(-1.1739993E-02, -1.0904114E-03) (-1.0715481E-04, 3.1729509E-06) 1.1876289E+00
(-1.0271692E-02, -1.0142706E-03) (-1.0285183E-04, 2.6599449E-06) 1.1755102E+00
(-8.9876237E-03, -9.4455086E-04) (-9.8882823E-05, 2.2301230E-06) 1.1636364E+00
(-7.8657898E-03, -8.7992210E-04) (-9.5206574E-05, 1.8699546E-06) 1.1520000E+00
(-6.8864556E-03, -8.1952237E-04) (-9.1788060E-05, 1.5681171E-06) 1.1405941E+00
(-6.0319791E-03, -7.6276157E-04) (-8.8597441E-05, 1.3151349E-06) 1.1294118E+00
(-5.2866727E-03, -7.0923760E-04) (-8.5609238E-05, 1.1030766E-06) 1.1184466E+00
(-4.6366266E-03, -6.5867883E-04) (-8.2801641E-05, 9.2530281E-07) 1.1076923E+00
(-4.0695861E-03, -6.1088271E-04) (-8.0155928E-05, 7.7625449E-07) 1.0971429E+00
(-3.5748110E-03, -5.6573220E-04) (-7.7655983E-05, 6.5127691E-07) 1.0867925E+00
(-3.1429114E-03, -5.2313521E-04) (-7.5287888E-05, 5.4647190E-07) 1.0766355E+00
(-2.7656914E-03, -4.8303355E-04) (-7.3039586E-05, 4.5857449E-07) 1.0666667E+00
(-2.4360064E-03, -4.4537751E-04) (-7.0900593E-05, 3.8484971E-07) 1.0568807E+00
(-2.1476480E-03, -4.1011308E-04) (-6.8861762E-05, 3.2300630E-07) 1.0472727E+00
(-1.8952352E-03, -3.7716670E-04) (-6.6915079E-05, 2.7112448E-07) 1.0378378E+00
(-1.6740811E-03, -3.4647004E-04) (-6.5053499E-05, 2.2759555E-07) 1.0285714E+00
(-1.4801384E-03, -3.1792966E-04) (-6.3270799E-05, 1.9107130E-07) 1.0194690E+00
(-1.3098862E-03, -2.9145530E-04) (-6.1561462E-05, 1.6042175E-07) 1.0105263E+00
(-1.1602846E-03, -2.6693999E-04) (-5.9920575E-05, 1.3469967E-07) 1.0017391E+00
(-1.0286909E-03, -2.4427911E-04) (-5.8343745E-05, 1.1311097E-07) 9.9310345E-01
(-9.1282835E-04, -2.2336117E-04) (-5.6827029E-05, 9.4989873E-08) 9.8461538E-01
(-8.1070175E-04, -2.0409599E-04) (-5.5366867E-05, 7.9778107E-08) 9.7627119E-01
(-7.2059947E-04, -1.8637340E-04) (-5.3960038E-05, 6.7007506E-08) 9.6806723E-01
(-6.4102750E-04, -1.7009141E-04) (-5.2603613E-05, 5.6285430E-08) 9.6000000E-01
(-5.7068801E-04, -1.5515215E-04) (-5.1294918E-05, 4.7282542E-08) 9.5206612E-01
(-5.0845088E-04, -1.4145935E-04) (-5.0031503E-05, 3.9722581E-08) 9.4426230E-01
(-4.5333233E-04, -1.2892050E-04) (-4.8811114E-05, 3.3373783E-08) 9.3658537E-01
(-4.0447468E-04, -1.1744822E-04) (-4.7631671E-05, 2.8041697E-08) 9.2903226E-01
(-3.6113078E-04, -1.0695699E-04) (-4.6491250E-05, 2.3563161E-08) 9.2160000E-01
(-3.2264529E-04, -9.7371451E-05) (-4.5388063E-05, 1.9801259E-08) 9.1428571E-01
(-2.8844698E-04, -8.8613590E-05) (-4.4320444E-05, 1.6641082E-08) 9.0708661E-01
(-2.5803138E-04, -8.0619394E-05) (-4.3286837E-05, 1.3986191E-08) 9.0000000E-01
(-2.3095990E-04, -7.3319463E-05) (-4.2285787E-05, 1.1755634E-08) 8.9302326E-01
(-2.0684776E-04, -6.6654038E-05) (-4.1315927E-05, 9.8814563E-09) 8.8615385E-01
(-1.8535408E-04, -6.0566967E-05) (-4.0375972E-05, 8.3066087E-09) 8.7938931E-01
(-1.6618026E-04, -5.5005875E-05) (-3.9464711E-05, 6.9831933E-09) 8.7272727E-01
