!Ogata ffP24Od20BM.dat
!number of kinetic energy = 8
!nstep = 134
!step =   0.100000
!r origin =    0.000000E+00
8 134     0.100000   0.000000
 20.000000
(-5.9043630E+01, -1.1241611E+01) (-3.8917656E-01, -2.5882616E-02) 4.7912843E+00
(-5.8950223E+01, -1.1178173E+01) (-3.9772761E-01, -2.6373256E-02) 4.7925131E+00
(-5.8665559E+01, -1.0986617E+01) (-4.0627865E-01, -2.6863896E-02) 4.7912843E+00
(-5.8183256E+01, -1.0673406E+01) (-4.1779122E-01, -2.7562754E-02) 4.7875979E+00
(-5.7528282E+01, -1.0288178E+01) (-4.3347589E-01, -2.8524483E-02) 4.7814539E+00
(-5.6768652E+01, -9.9306795E+00) (-4.5377370E-01, -2.9771084E-02) 4.7728523E+00
(-5.5890810E+01, -9.5664685E+00) (-4.7903813E-01, -3.1321171E-02) 4.7617931E+00
(-5.4965421E+01, -9.1854838E+00) (-5.0963396E-01, -3.3194183E-02) 4.7482763E+00
(-5.4050157E+01, -8.8550015E+00) (-5.4595466E-01, -3.5410904E-02) 4.7323019E+00
(-5.3132784E+01, -8.5588881E+00) (-5.8841778E-01, -3.7992939E-02) 4.7138699E+00
(-5.2179749E+01, -8.2556292E+00) (-6.3744862E-01, -4.0961561E-02) 4.6929803E+00
(-5.1163906E+01, -7.9320867E+00) (-6.9345367E-01, -4.4336002E-02) 4.6696331E+00
(-5.0144700E+01, -7.6164459E+00) (-7.5678240E-01, -4.8131141E-02) 4.6438283E+00
(-4.9107264E+01, -7.3170502E+00) (-8.2767553E-01, -5.2354517E-02) 4.6155659E+00
(-4.8058477E+01, -7.0382026E+00) (-9.0619807E-01, -5.7002682E-02) 4.5848459E+00
(-4.7043559E+01, -6.7874359E+00) (-9.9215633E-01, -6.2056975E-02) 4.5516683E+00
(-4.6065823E+01, -6.5687701E+00) (-1.0850000E+00, -6.7478970E-02) 4.5160331E+00
(-4.5111427E+01, -6.3862134E+00) (-1.1837142E+00, -7.3206087E-02) 4.4779403E+00
(-4.4195545E+01, -6.2267138E+00) (-1.2867108E+00, -7.9148109E-02) 4.4373899E+00
(-4.3325186E+01, -6.0795249E+00) (-1.3917353E+00, -8.5185634E-02) 4.3943819E+00
(-4.2495843E+01, -5.9399390E+00) (-1.4958108E+00, -9.1171650E-02) 4.3489163E+00
(-4.1685085E+01, -5.8128721E+00) (-1.5952487E+00, -9.6937362E-02) 4.3009931E+00
(-4.0825767E+01, -5.7237456E+00) (-1.6857530E+00, -1.0230295E-01) 4.2506123E+00
(-3.9932129E+01, -5.6789321E+00) (-1.7626442E+00, -1.0709302E-01) 4.1977739E+00
(-3.9015893E+01, -5.6766275E+00) (-1.8212056E+00, -1.1115505E-01) 4.1424779E+00
(-3.8026308E+01, -5.6845684E+00) (-1.8571352E+00, -1.1437793E-01) 4.0847243E+00
(-3.6921417E+01, -5.6620305E+00) (-1.8670480E+00, -1.1670611E-01) 4.0245131E+00
(-3.5691333E+01, -5.5671309E+00) (-1.8489472E+00, -1.1814536E-01) 3.9618443E+00
(-3.4287562E+01, -5.4072087E+00) (-1.8025673E+00, -1.1875683E-01) 3.8967179E+00
(-3.2836929E+01, -5.3476234E+00) (-1.7295070E+00, -1.1863912E-01) 3.8291339E+00
(-3.1614738E+01, -5.5318648E+00) (-1.6331060E+00, -1.1790106E-01) 3.7590923E+00
(-3.0494888E+01, -5.9424603E+00) (-1.5180807E+00, -1.1663097E-01) 3.6865931E+00
(-2.9126869E+01, -6.2026381E+00) (-1.3899880E+00, -1.1486984E-01) 3.6116363E+00
(-2.7644409E+01, -6.2712406E+00) (-1.2546241E+00, -1.1259598E-01) 3.5342219E+00
(-2.6196209E+01, -6.2091978E+00) (-1.1174675E+00, -1.0972656E-01) 3.4543499E+00
(-2.4937577E+01, -6.0228461E+00) (-9.8325100E-01, -1.0613797E-01) 3.3720203E+00
(-2.4060113E+01, -5.8251708E+00) (-8.5571483E-01, -1.0170182E-01) 3.2872331E+00
(-2.3250150E+01, -5.7554279E+00) (-7.3744407E-01, -9.6327090E-02) 3.1999883E+00
(-2.2150326E+01, -5.7728108E+00) (-6.2997840E-01, -9.0000394E-02) 3.1135135E+00
(-2.0656983E+01, -5.8039717E+00) (-5.3412056E-01, -8.2810449E-02) 3.0315789E+00
(-1.8853115E+01, -5.7968539E+00) (-4.4996179E-01, -7.4945116E-02) 2.9538462E+00
(-1.6890919E+01, -5.7271773E+00) (-3.7700245E-01, -6.6668317E-02) 2.8800000E+00
(-1.4910348E+01, -5.5904201E+00) (-3.1442587E-01, -5.8282961E-02) 2.8097561E+00
(-1.3010910E+01, -5.3929098E+00) (-2.6123332E-01, -5.0088279E-02) 2.7428571E+00
(-1.1251861E+01, -5.1454029E+00) (-2.1635421E-01, -4.2343562E-02) 2.6790698E+00
(-9.6614373E+00, -4.8592837E+00) (-1.7872359E-01, -3.5244729E-02) 2.6181818E+00
(-8.2465908E+00, -4.5459103E+00) (-1.4733243E-01, -2.8915381E-02) 2.5600000E+00
(-6.9998231E+00, -4.2161465E+00) (-1.2125675E-01, -2.3410083E-02) 2.5043478E+00
(-5.9110861E+00, -3.8779053E+00) (-9.9671378E-02, -1.8725721E-02) 2.4510638E+00
(-4.9647093E+00, -3.5393032E+00) (-8.1853334E-02, -1.4816550E-02) 2.4000000E+00
(-4.1457707E+00, -3.2067416E+00) (-6.7178428E-02, -1.1609475E-02) 2.3510204E+00
(-3.4409657E+00, -2.8848162E+00) (-5.5114015E-02, -9.0173574E-03) 2.3040000E+00
(-2.8358717E+00, -2.5782746E+00) (-4.5209749E-02, -6.9493201E-03) 2.2588235E+00
(-2.3200167E+00, -2.2895381E+00) (-3.7087680E-02, -5.3179068E-03) 2.2153846E+00
(-1.8822340E+00, -2.0208766E+00) (-3.0432493E-02, -4.0434482E-03) 2.1735849E+00
(-1.5120203E+00, -1.7739493E+00) (-2.4982383E-02, -3.0562354E-03) 2.1333333E+00
(-1.2028070E+00, -1.5482711E+00) (-2.0520800E-02, -2.2971297E-03) 2.0945455E+00
(-9.4503471E-01, -1.3447799E+00) (-1.6869182E-02, -1.7171634E-03) 2.0571429E+00
(-7.3195064E-01, -1.1625837E+00) (-1.3880642E-02, -1.2765715E-03) 2.0210526E+00
(-5.5831276E-01, -1.0001978E+00) (-1.1434587E-02, -9.4356528E-04) 1.9862069E+00
(-4.1736056E-01, -8.5703691E-01) (-9.4321571E-03, -6.9305568E-04) 1.9525424E+00
(-3.0377963E-01, -7.3173581E-01) (-7.7924067E-03, -5.0544697E-04) 1.9200000E+00
(-2.1368337E-01, -6.2244548E-01) (-6.4491145E-03, -3.6556458E-04) 1.8885246E+00
(-1.4339839E-01, -5.2758795E-01) (-5.3481419E-03, -2.6174006E-04) 1.8580645E+00
(-8.8994411E-02, -4.4593012E-01) (-4.4452486E-03, -1.8505300E-04) 1.8285714E+00
(-4.7413396E-02, -3.7601906E-01) (-3.7042945E-03, -1.2871672E-04) 1.8000000E+00
(-1.6238914E-02, -3.1640226E-01) (-3.0957615E-03, -8.7588821E-05) 1.7723077E+00
(6.4045483E-03, -2.6568230E-01) (-2.5955425E-03, -5.7786371E-05) 1.7454545E+00
(2.2142264E-02, -2.2265465E-01) (-2.1839489E-03, -3.6386376E-05) 1.7194030E+00
(3.2617816E-02, -1.8636270E-01) (-1.8448996E-03, -2.1194617E-05) 1.6941176E+00
(3.9098126E-02, -1.5586973E-01) (-1.5652578E-03, -1.0568326E-05) 1.6695652E+00
(4.2557937E-02, -1.3031955E-01) (-1.3342901E-03, -3.2808721E-06) 1.6457143E+00
(4.3765033E-02, -1.0895843E-01) (-1.1432242E-03, 1.5810848E-06) 1.6225352E+00
(4.3331734E-02, -9.1134732E-02) (-9.8488904E-04, 4.6955142E-06) 1.6000000E+00
(4.1737638E-02, -7.6284862E-02) (-8.5342016E-04, 6.5639033E-06) 1.5780822E+00
(3.9335643E-02, -6.3913407E-02) (-7.4402022E-04, 7.5556694E-06) 1.5567568E+00
(3.6422442E-02, -5.3617540E-02) (-6.5276320E-04, 7.9415971E-06) 1.5360000E+00
(3.3265307E-02, -4.5068889E-02) (-5.7643478E-04, 7.9189767E-06) 1.5157895E+00
(3.0043149E-02, -3.7974893E-02) (-5.1240220E-04, 7.6304763E-06) 1.4961039E+00
(2.6876216E-02, -3.2084250E-02) (-4.5850794E-04, 7.1782917E-06) 1.4769231E+00
(2.3842974E-02, -2.7186783E-02) (-4.1298306E-04, 6.6347403E-06) 1.4582278E+00
(2.0995229E-02, -2.3107676E-02) (-3.7437641E-04, 6.0501798E-06) 1.4400000E+00
(1.8362663E-02, -1.9702797E-02) (-3.4149680E-04, 5.4589170E-06) 1.4222222E+00
(1.5962499E-02, -1.6852701E-02) (-3.1336584E-04, 4.8836070E-06) 1.4048780E+00
(1.3798920E-02, -1.4460042E-02) (-2.8917934E-04, 4.3385190E-06) 1.3879518E+00
(1.1867186E-02, -1.2445066E-02) (-2.6827582E-04, 3.8319540E-06) 1.3714286E+00
(1.0158142E-02, -1.0741981E-02) (-2.5011072E-04, 3.3680265E-06) 1.3552941E+00
(8.6580304E-03, -9.2975307E-03) (-2.3423535E-04, 2.9479712E-06) 1.3395349E+00
(7.3514922E-03, -8.0679889E-03) (-2.2027967E-04, 2.5710953E-06) 1.3241379E+00
(6.2217938E-03, -7.0172274E-03) (-2.0793815E-04, 2.2354672E-06) 1.3090909E+00
(5.2490645E-03, -6.1156292E-03) (-1.9695823E-04, 1.9384095E-06) 1.2943820E+00
(4.4140314E-03, -5.3388607E-03) (-1.8713089E-04, 1.6768466E-06) 1.2800000E+00
(3.7029991E-03, -4.6684964E-03) (-1.7828290E-04, 1.4475472E-06) 1.2659341E+00
(3.1014416E-03, -4.0885381E-03) (-1.7027043E-04, 1.2472875E-06) 1.2521739E+00
(2.5944937E-03, -3.5855519E-03) (-1.6297392E-04, 1.0729583E-06) 1.2387097E+00
(2.1684967E-03, -3.1483542E-03) (-1.5629373E-04, 9.2163200E-07) 1.2255319E+00
(1.8114721E-03, -2.7675445E-03) (-1.5014670E-04, 7.9059948E-07) 1.2126316E+00
(1.5130244E-03, -2.4352095E-03) (-1.4446323E-04, 6.7738767E-07) 1.2000000E+00
(1.2642306E-03, -2.1446304E-03) (-1.3918493E-04, 5.7976268E-07) 1.1876289E+00
(1.0570196E-03, -1.8902425E-03) (-1.3426272E-04, 4.9572394E-07) 1.1755102E+00
(8.8448333E-04, -1.6673298E-03) (-1.2965516E-04, 4.2349232E-07) 1.1636364E+00
(7.4084791E-04, -1.4718245E-03) (-1.2532719E-04, 3.6149491E-07) 1.1520000E+00
(6.2117940E-04, -1.3002636E-03) (-1.2124903E-04, 3.0834794E-07) 1.1405941E+00
(5.2150778E-04, -1.1495767E-03) (-1.1739528E-04, 2.6283916E-07) 1.1294118E+00
(4.3850055E-04, -1.0171082E-03) (-1.1374421E-04, 2.2391046E-07) 1.1184466E+00
(3.6938176E-04, -9.0055482E-04) (-1.1027715E-04, 1.9064113E-07) 1.1076923E+00
(3.1181650E-04, -7.9791475E-04) (-1.0697795E-04, 1.6223225E-07) 1.0971429E+00
(2.6379934E-04, -7.0746325E-04) (-1.0383263E-04, 1.3799223E-07) 1.0867925E+00
(2.2367949E-04, -6.2769582E-04) (-1.0082897E-04, 1.1732371E-07) 1.0766355E+00
(1.9008274E-04, -5.5730484E-04) (-9.7956301E-05, 9.9711656E-08) 1.0666667E+00
(1.6190569E-04, -4.9513623E-04) (-9.5205197E-05, 8.4712803E-08) 1.0568807E+00
(1.3822696E-04, -4.4018840E-04) (-9.2567330E-05, 7.1946208E-08) 1.0472727E+00
(1.1827796E-04, -3.9159078E-04) (-9.0035286E-05, 6.1084943E-08) 1.0378378E+00
(1.0142992E-04, -3.4857983E-04) (-8.7602436E-05, 5.1848782E-08) 1.0285714E+00
(8.7172936E-05, -3.1048330E-04) (-8.5262825E-05, 4.3997795E-08) 1.0194690E+00
(7.5081935E-05, -2.7671480E-04) (-8.3011070E-05, 3.7326758E-08) 1.0105263E+00
(6.4807758E-05, -2.4675974E-04) (-8.0842291E-05, 3.1660296E-08) 1.0017391E+00
(5.6048923E-05, -2.2017329E-04) (-7.8752037E-05, 2.6848666E-08) 9.9310345E-01
(4.8563637E-05, -1.9656111E-04) (-7.6736235E-05, 2.2764104E-08) 9.8461538E-01
(4.2160874E-05, -1.7557217E-04) (-7.4791140E-05, 1.9297679E-08) 9.7627119E-01
(3.6683236E-05, -1.5689791E-04) (-7.2913299E-05, 1.6356574E-08) 9.6806723E-01
(3.1971163E-05, -1.4028060E-04) (-7.1099512E-05, 1.3861747E-08) 9.6000000E-01
(2.7905011E-05, -1.2548610E-04) (-6.9346810E-05, 1.1745924E-08) 9.5206612E-01
(2.4404481E-05, -1.1229837E-04) (-6.7652423E-05, 9.9518710E-09) 9.4426230E-01
(2.1377644E-05, -1.0053944E-04) (-6.6013765E-05, 8.4309239E-09) 9.3658537E-01
(1.8752580E-05, -9.0049726E-05) (-6.4428412E-05, 7.1417167E-09) 9.2903226E-01
(1.6470078E-05, -8.0687122E-05) (-6.2894090E-05, 6.0491025E-09) 9.2160000E-01
(1.4483686E-05, -7.2325672E-05) (-6.1408658E-05, 5.1232287E-09) 9.1428571E-01
(1.2748607E-05, -6.4854801E-05) (-5.9970099E-05, 4.3387473E-09) 9.0708661E-01
(1.1231987E-05, -5.8176272E-05) (-5.8576505E-05, 3.6741415E-09) 9.0000000E-01
(9.9015219E-06, -5.2202719E-05) (-5.7226076E-05, 3.1111519E-09) 8.9302326E-01
(8.7323454E-06, -4.6857223E-05) (-5.5917103E-05, 2.6342868E-09) 8.8615385E-01
(7.7031188E-06, -4.2070702E-05) (-5.4647966E-05, 2.2304058E-09) 8.7938931E-01
(6.7956089E-06, -3.7781918E-05) (-5.3417129E-05, 1.8883655E-09) 8.7272727E-01
 50.000000
(-4.8977539E+01, -1.3445085E+01) (-3.6590341E-01, 4.0821835E-03) 4.7912843E+00
(-4.8914988E+01, -1.3383488E+01) (-3.7383878E-01, 4.1620877E-03) 4.7925131E+00
(-4.8728908E+01, -1.3198994E+01) (-3.8177414E-01, 4.2419918E-03) 4.7912843E+00
(-4.8422042E+01, -1.2900090E+01) (-3.9243050E-01, 4.3608317E-03) 4.7875979E+00
(-4.7991706E+01, -1.2529798E+01) (-4.0693613E-01, 4.5260296E-03) 4.7814539E+00
(-4.7427807E+01, -1.2169068E+01) (-4.2569514E-01, 4.7413302E-03) 4.7728523E+00
(-4.6753019E+01, -1.1791637E+01) (-4.4902698E-01, 5.0103379E-03) 4.7617931E+00
(-4.5983247E+01, -1.1391693E+01) (-4.7725872E-01, 5.3370604E-03) 4.7482763E+00
(-4.5094153E+01, -1.1021033E+01) (-5.1074116E-01, 5.7259829E-03) 4.7323019E+00
(-4.4126430E+01, -1.0668067E+01) (-5.4984438E-01, 6.1820005E-03) 4.7138699E+00
(-4.3119751E+01, -1.0302896E+01) (-5.9494262E-01, 6.7102620E-03) 4.6929803E+00
(-4.2086972E+01, -9.9175567E+00) (-6.4638965E-01, 7.3159245E-03) 4.6696331E+00
(-4.1049539E+01, -9.5462932E+00) (-7.0448383E-01, 8.0038022E-03) 4.6438283E+00
(-4.0010090E+01, -9.1926283E+00) (-7.6942112E-01, 8.7778925E-03) 4.6155659E+00
(-3.8980704E+01, -8.8608333E+00) (-8.4123457E-01, 9.6407621E-03) 4.5848459E+00
(-3.7982822E+01, -8.5623980E+00) (-9.1972000E-01, 1.0592790E-02) 4.5516683E+00
(-3.7020773E+01, -8.2958249E+00) (-1.0043489E+00, 1.1631277E-02) 4.5160331E+00
(-3.6090255E+01, -8.0545624E+00) (-1.0941733E+00, 1.2749468E-02) 4.4779403E+00
(-3.5202752E+01, -7.8371642E+00) (-1.1877311E+00, 1.3935553E-02) 4.4373899E+00
(-3.4366119E+01, -7.6387954E+00) (-1.2829661E+00, 1.5171784E-02) 4.3943819E+00
(-3.3578999E+01, -7.4528962E+00) (-1.3771827E+00, 1.6433835E-02) 4.3489163E+00
(-3.2828223E+01, -7.2850267E+00) (-1.4670595E+00, 1.7690578E-02) 4.3009931E+00
(-3.2084529E+01, -7.1495626E+00) (-1.5487467E+00, 1.8904394E-02) 4.2506123E+00
(-3.1333160E+01, -7.0619759E+00) (-1.6180669E+00, 2.0032081E-02) 4.1977739E+00
(-3.0571542E+01, -7.0327968E+00) (-1.6708230E+00, 2.1026266E-02) 4.1424779E+00
(-2.9793172E+01, -7.0018237E+00) (-1.7031950E+00, 2.1837176E-02) 4.0847243E+00
(-2.8991935E+01, -6.9260915E+00) (-1.7121795E+00, 2.2414558E-02) 4.0245131E+00
(-2.8178687E+01, -6.7746610E+00) (-1.6959993E+00, 2.2709677E-02) 3.9618443E+00
(-2.7332046E+01, -6.5371230E+00) (-1.6544025E+00, 2.2677604E-02) 3.8967179E+00
(-2.6384572E+01, -6.3595862E+00) (-1.5887783E+00, 2.2280300E-02) 3.8291339E+00
(-2.5336422E+01, -6.4140270E+00) (-1.5020530E+00, 2.1491159E-02) 3.7590923E+00
(-2.4192567E+01, -6.6886722E+00) (-1.3983773E+00, 2.0301301E-02) 3.6865931E+00
(-2.2955062E+01, -6.8363432E+00) (-1.2826636E+00, 1.8727016E-02) 3.6116363E+00
(-2.1663103E+01, -6.8007906E+00) (-1.1600633E+00, 1.6816401E-02) 3.5342219E+00
(-2.0348715E+01, -6.6394252E+00) (-1.0354791E+00, 1.4652247E-02) 3.4543499E+00
(-1.9015925E+01, -6.4072046E+00) (-9.1318324E-01, 1.2348198E-02) 3.3720203E+00
(-1.7677081E+01, -6.1575800E+00) (-7.9659189E-01, 1.0036917E-02) 3.2872331E+00
(-1.6358171E+01, -5.9407222E+00) (-6.8810393E-01, 7.8517821E-03) 3.1999883E+00
(-1.5057361E+01, -5.7624373E+00) (-5.8918976E-01, 5.9068127E-03) 3.1135135E+00
(-1.3766739E+01, -5.6055561E+00) (-5.0066579E-01, 4.2803485E-03) 3.0315789E+00
(-1.2482816E+01, -5.4470021E+00) (-4.2269845E-01, 3.0068289E-03) 2.9538462E+00
(-1.1209625E+01, -5.2666666E+00) (-3.5490211E-01, 2.0784746E-03) 2.8800000E+00
(-9.9578367E+00, -5.0514413E+00) (-2.9658855E-01, 1.4548859E-03) 2.8097561E+00
(-8.7426009E+00, -4.7957325E+00) (-2.4688825E-01, 1.0765101E-03) 2.7428571E+00
(-7.5811642E+00, -4.5007864E+00) (-2.0485187E-01, 8.7795805E-04) 2.6790698E+00
(-6.4905483E+00, -4.1731554E+00) (-1.6952339E-01, 7.9830428E-04) 2.6181818E+00
(-5.4845801E+00, -3.8222754E+00) (-1.3998867E-01, 7.8724229E-04) 2.5600000E+00
(-4.5728008E+00, -3.4588622E+00) (-1.1540467E-01, 8.0738570E-04) 2.5043478E+00
(-3.7617996E+00, -3.0941120E+00) (-9.5014299E-02, 8.3377558E-04) 2.4510638E+00
(-3.0526102E+00, -2.7376415E+00) (-7.8151133E-02, 8.5181474E-04) 2.4000000E+00
(-2.4427033E+00, -2.3974678E+00) (-6.4237594E-02, 8.5463831E-04) 2.3510204E+00
(-1.9272900E+00, -2.0799155E+00) (-5.2779166E-02, 8.4058370E-04) 2.3040000E+00
(-1.4980445E+00, -1.7887389E+00) (-4.3356503E-02, 8.1109889E-04) 2.2588235E+00
(-1.1466737E+00, -1.5264505E+00) (-3.5616733E-02, 7.6919230E-04) 2.2153846E+00
(-8.6322755E-01, -1.2935515E+00) (-2.9264733E-02, 7.1838999E-04) 2.1735849E+00
(-6.3800130E-01, -1.0893211E+00) (-2.4054898E-02, 6.6210301E-04) 2.1333333E+00
(-4.6241355E-01, -9.1276070E-01) (-1.9783635E-02, 6.0329428E-04) 2.0945455E+00
(-3.2724407E-01, -7.6130737E-01) (-1.6282712E-02, 5.4434569E-04) 2.0571429E+00
(-2.2528233E-01, -6.3271619E-01) (-1.3413470E-02, 4.8704748E-04) 2.0210526E+00
(-1.5016408E-01, -5.2468133E-01) (-1.1061848E-02, 4.3265404E-04) 1.9862069E+00
(-9.5769992E-02, -4.3434745E-01) (-9.1341741E-03, 3.8196916E-04) 1.9525424E+00
(-5.7442466E-02, -3.5927286E-01) (-7.5536111E-03, 3.3543815E-04) 1.9200000E+00
(-3.1552987E-02, -2.9736934E-01) (-6.2571935E-03, 2.9323437E-04) 1.8885246E+00
(-1.4908920E-02, -2.4659826E-01) (-5.1933592E-03, 2.5533409E-04) 1.8580645E+00
(-4.8274803E-03, -2.0500517E-01) (-4.3199064E-03, 2.2157796E-04) 1.8285714E+00
(6.0985920E-04, -1.7100289E-01) (-3.6023068E-03, 1.9171930E-04) 1.8000000E+00
(2.8282026E-03, -1.4326441E-01) (-3.0123171E-03, 1.6546081E-04) 1.7723077E+00
(2.8818823E-03, -1.2068703E-01) (-2.5268374E-03, 1.4248143E-04) 1.7454545E+00
(1.6158466E-03, -1.0230948E-01) (-2.1269755E-03, 1.2245549E-04) 1.7194030E+00
(-2.9625797E-04, -8.7274990E-02) (-1.7972794E-03, 1.0506559E-04) 1.6941176E+00
(-2.4387776E-03, -7.4918655E-02) (-1.5251095E-03, 9.0010979E-05) 1.6695652E+00
(-4.5488910E-03, -6.4712457E-02) (-1.3001250E-03, 7.7012480E-05) 1.6457143E+00
(-6.4604673E-03, -5.6230275E-02) (-1.1138643E-03, 6.5814951E-05) 1.6225352E+00
(-8.0761573E-03, -4.9128202E-02) (-9.5940128E-04, 5.6188046E-05) 1.6000000E+00
(-9.3516334E-03, -4.3132731E-02) (-8.3106523E-04, 4.7925823E-05) 1.5780822E+00
(-1.0283924E-02, -3.8031986E-02) (-7.2421184E-04, 4.0845600E-05) 1.5567568E+00
(-1.0879446E-02, -3.3649976E-02) (-6.3503598E-04, 3.4786374E-05) 1.5360000E+00
(-1.1158117E-02, -2.9842647E-02) (-5.6041886E-04, 2.9607010E-05) 1.5157895E+00
(-1.1162924E-02, -2.6505603E-02) (-4.9780320E-04, 2.5184345E-05) 1.4961039E+00
(-1.0942384E-02, -2.3559965E-02) (-4.4509113E-04, 2.1411306E-05) 1.4769231E+00
(-1.0543930E-02, -2.0944887E-02) (-4.0056087E-04, 1.8195108E-05) 1.4582278E+00
(-1.0011024E-02, -1.8612547E-02) (-3.6279856E-04, 1.5455572E-05) 1.4400000E+00
(-9.3826575E-03, -1.6525518E-02) (-3.3064251E-04, 1.3123577E-05) 1.4222222E+00
(-8.6926756E-03, -1.4653709E-02) (-3.0313767E-04, 1.1139657E-05) 1.4048780E+00
(-7.9701651E-03, -1.2973164E-02) (-2.7949835E-04, 9.4527430E-06) 1.3879518E+00
(-7.2392116E-03, -1.1464454E-02) (-2.5907773E-04, 8.0190500E-06) 1.3714286E+00
(-6.5193603E-03, -1.0111285E-02) (-2.4134290E-04, 6.8010859E-06) 1.3552941E+00
(-5.8253260E-03, -8.8994315E-03) (-2.2585441E-04, 5.7667880E-06) 1.3395349E+00
(-5.1681094E-03, -7.8164099E-03) (-2.1224959E-04, 4.8887657E-06) 1.3241379E+00
(-4.5555383E-03, -6.8511592E-03) (-2.0022876E-04, 4.1436417E-06) 1.3090909E+00
(-3.9925221E-03, -5.9937190E-03) (-1.8954410E-04, 3.5114816E-06) 1.2943820E+00
(-3.4812173E-03, -5.2346709E-03) (-1.7999034E-04, 2.9752988E-06) 1.2800000E+00
(-3.0210307E-03, -4.5643493E-03) (-1.7139729E-04, 2.5206291E-06) 1.2659341E+00
(-2.6107697E-03, -3.9742139E-03) (-1.6362359E-04, 2.1351634E-06) 1.2521739E+00
(-2.2481333E-03, -3.4562657E-03) (-1.5655166E-04, 1.8084323E-06) 1.2387097E+00
(-1.9300496E-03, -3.0030260E-03) (-1.5008350E-04, 1.5315356E-06) 1.2255319E+00
(-1.6529468E-03, -2.6075106E-03) (-1.4413730E-04, 1.2969103E-06) 1.2126316E+00
(-1.4130283E-03, -2.2632701E-03) (-1.3864456E-04, 1.0981327E-06) 1.2000000E+00
(-1.2063987E-03, -1.9643199E-03) (-1.3354784E-04, 9.2974829E-07) 1.1876289E+00
(-1.0291739E-03, -1.7051318E-03) (-1.2879884E-04, 7.8712741E-07) 1.1755102E+00
(-8.7768450E-04, -1.4807070E-03) (-1.2435677E-04, 6.6634157E-07) 1.1636364E+00
(-7.4854221E-04, -1.2865601E-03) (-1.2018716E-04, 5.6405819E-07) 1.1520000E+00
(-6.3869803E-04, -1.1187252E-03) (-1.1626071E-04, 4.7745090E-07) 1.1405941E+00
(-5.4540532E-04, -9.7366904E-04) (-1.1255248E-04, 4.0412325E-07) 1.1294118E+00
(-4.6625122E-04, -8.4829926E-04) (-1.0904110E-04, 3.4204370E-07) 1.1184466E+00
(-3.9913852E-04, -7.3992433E-04) (-1.0570825E-04, 2.8949037E-07) 1.1076923E+00
(-3.4224436E-04, -6.4619656E-04) (-1.0253809E-04, 2.4500415E-07) 1.0971429E+00
(-2.9399030E-04, -5.6507201E-04) (-9.9516902E-05, 2.0734875E-07) 1.0867925E+00
(-2.5302787E-04, -4.9478573E-04) (-9.6632745E-05, 1.7547683E-07) 1.0766355E+00
(-2.1821519E-04, -4.3382268E-04) (-9.3875158E-05, 1.4850128E-07) 1.0666667E+00
(-1.8858311E-04, -3.8087704E-04) (-9.1234944E-05, 1.2567072E-07) 1.0568807E+00
(-1.6331717E-04, -3.3483232E-04) (-8.8703970E-05, 1.0634889E-07) 1.0472727E+00
(-1.4173445E-04, -2.9473452E-04) (-8.6275007E-05, 8.9997016E-08) 1.0378378E+00
(-1.2326112E-04, -2.5976605E-04) (-8.3941601E-05, 7.6158914E-08) 1.0285714E+00
(-1.0741495E-04, -2.2922562E-04) (-8.1697957E-05, 6.4448383E-08) 1.0194690E+00
(-9.3792290E-05, -2.0251343E-04) (-7.9538847E-05, 5.4538480E-08) 1.0105263E+00
(-8.2054694E-05, -1.7911541E-04) (-7.7459533E-05, 4.6152450E-08) 1.0017391E+00
(-7.1920163E-05, -1.5859324E-04) (-7.5455702E-05, 3.9056036E-08) 9.9310345E-01
(-6.3150743E-05, -1.4056913E-04) (-7.3523408E-05, 3.3050963E-08) 9.8461538E-01
(-5.5545175E-05, -1.2471636E-04) (-7.1659030E-05, 2.7969418E-08) 9.7627119E-01
(-4.8934065E-05, -1.1075391E-04) (-6.9859229E-05, 2.3669380E-08) 9.6806723E-01
(-4.3178427E-05, -9.8444755E-05) (-6.8120917E-05, 2.0030656E-08) 9.6000000E-01
(-3.8157954E-05, -8.7580754E-05) (-6.6441227E-05, 1.6951533E-08) 9.5206612E-01
(-3.3767971E-05, -7.7977776E-05) (-6.4817489E-05, 1.4345937E-08) 9.4426230E-01
(-2.9923084E-05, -6.9481306E-05) (-6.3247211E-05, 1.2141032E-08) 9.3658537E-01
(-2.6550041E-05, -6.1956319E-05) (-6.1728061E-05, 1.0275182E-08) 9.2903226E-01
(-2.3586568E-05, -5.5285003E-05) (-6.0257850E-05, 8.6962340E-09) 9.2160000E-01
(-2.0977721E-05, -4.9364530E-05) (-5.8834517E-05, 7.3600564E-09) 9.1428571E-01
(-1.8678910E-05, -4.4105724E-05) (-5.7456124E-05, 6.2293071E-09) 9.0708661E-01
(-1.6649236E-05, -3.9430370E-05) (-5.6120838E-05, 5.2723887E-09) 9.0000000E-01
(-1.4855879E-05, -3.5270025E-05) (-5.4826929E-05, 4.4625650E-09) 8.9302326E-01
(-1.3268572E-05, -3.1564785E-05) (-5.3572757E-05, 3.7772131E-09) 8.8615385E-01
(-1.1861259E-05, -2.8261642E-05) (-5.2356766E-05, 3.1971908E-09) 8.7938931E-01
(-1.0611702E-05, -2.5314152E-05) (-5.1177480E-05, 2.7063007E-09) 8.7272727E-01
100.000000
(-3.7770904E+01, -1.4846975E+01) (-3.6346293E-01, 4.0855735E-02) 4.7912843E+00
(-3.7700709E+01, -1.4805609E+01) (-3.7082167E-01, 4.1550058E-02) 4.7925131E+00
(-3.7491370E+01, -1.4682657E+01) (-3.7818041E-01, 4.2244381E-02) 4.7912843E+00
(-3.7145134E+01, -1.4483197E+01) (-3.8811152E-01, 4.3274570E-02) 4.7875979E+00
(-3.6661063E+01, -1.4221829E+01) (-4.0162638E-01, 4.4701745E-02) 4.7814539E+00
(-3.6033544E+01, -1.3922485E+01) (-4.1907392E-01, 4.6552910E-02) 4.7728523E+00
(-3.5276436E+01, -1.3585097E+01) (-4.4072007E-01, 4.8851977E-02) 4.7617931E+00
(-3.4403728E+01, -1.3213508E+01) (-4.6682989E-01, 5.1624162E-02) 4.7482763E+00
(-3.3426397E+01, -1.2823111E+01) (-4.9768056E-01, 5.4896281E-02) 4.7323019E+00
(-3.2366529E+01, -1.2418119E+01) (-5.3355553E-01, 5.8695806E-02) 4.7138699E+00
(-3.1261300E+01, -1.2005033E+01) (-5.7472904E-01, 6.3049159E-02) 4.6929803E+00
(-3.0147867E+01, -1.1595458E+01) (-6.2144219E-01, 6.7979277E-02) 4.6696331E+00
(-2.9029262E+01, -1.1195661E+01) (-6.7387021E-01, 7.3502410E-02) 4.6438283E+00
(-2.7940908E+01, -1.0816565E+01) (-7.3207970E-01, 7.9624077E-02) 4.6155659E+00
(-2.6902192E+01, -1.0463117E+01) (-7.9597561E-01, 8.6334211E-02) 4.5848459E+00
(-2.5910394E+01, -1.0132595E+01) (-8.6523792E-01, 9.3601597E-02) 4.5516683E+00
(-2.4974582E+01, -9.8217630E+00) (-9.3925062E-01, 1.0136794E-01) 4.5160331E+00
(-2.4103287E+01, -9.5237019E+00) (-1.0170276E+00, 1.0954207E-01) 4.4779403E+00
(-2.3309615E+01, -9.2449297E+00) (-1.0971437E+00, 1.1799519E-01) 4.4373899E+00
(-2.2602330E+01, -8.9884729E+00) (-1.1776846E+00, 1.2655813E-01) 4.3943819E+00
(-2.1981270E+01, -8.7522647E+00) (-1.2562295E+00, 1.3502195E-01) 4.3489163E+00
(-2.1433282E+01, -8.5360813E+00) (-1.3298885E+00, 1.4314284E-01) 4.3009931E+00
(-2.0934633E+01, -8.3349591E+00) (-1.3954087E+00, 1.5065207E-01) 4.2506123E+00
(-2.0459026E+01, -8.1479598E+00) (-1.4493615E+00, 1.5727070E-01) 4.1977739E+00
(-1.9994350E+01, -7.9820217E+00) (-1.4884079E+00, 1.6272771E-01) 4.1424779E+00
(-1.9553173E+01, -7.8180638E+00) (-1.5096212E+00, 1.6677918E-01) 4.0847243E+00
(-1.9139028E+01, -7.6484969E+00) (-1.5108255E+00, 1.6922556E-01) 4.0245131E+00
(-1.8732190E+01, -7.4659394E+00) (-1.4908937E+00, 1.6992432E-01) 3.9618443E+00
(-1.8323559E+01, -7.2739167E+00) (-1.4499454E+00, 1.6879681E-01) 3.8967179E+00
(-1.7848256E+01, -7.0926480E+00) (-1.3893964E+00, 1.6582958E-01) 3.8291339E+00
(-1.7260521E+01, -6.9606411E+00) (-1.3118420E+00, 1.6107237E-01) 3.7590923E+00
(-1.6563315E+01, -6.8792758E+00) (-1.2207876E+00, 1.5463515E-01) 3.6865931E+00
(-1.5825004E+01, -6.7674113E+00) (-1.1202792E+00, 1.4668556E-01) 3.6116363E+00
(-1.5051167E+01, -6.6075306E+00) (-1.0144991E+00, 1.3744634E-01) 3.5342219E+00
(-1.4231557E+01, -6.4073151E+00) (-9.0739644E-01, 1.2719011E-01) 3.4543499E+00
(-1.3365514E+01, -6.1698039E+00) (-8.0240249E-01, 1.1622887E-01) 3.3720203E+00
(-1.2451585E+01, -5.9150358E+00) (-7.0226527E-01, 1.0489694E-01) 3.2872331E+00
(-1.1494023E+01, -5.6662474E+00) (-6.0891822E-01, 9.3527365E-02) 3.1999883E+00
(-1.0513081E+01, -5.4176822E+00) (-5.2355781E-01, 8.2428659E-02) 3.1135135E+00
(-9.5303532E+00, -5.1578676E+00) (-4.4687980E-01, 7.1864580E-02) 3.0315789E+00
(-8.5645627E+00, -4.8788798E+00) (-3.7905681E-01, 6.2037215E-02) 2.9538462E+00
(-7.6315130E+00, -4.5780889E+00) (-3.1980210E-01, 5.3081077E-02) 2.8800000E+00
(-6.7440898E+00, -4.2574940E+00) (-2.6857798E-01, 4.5066539E-02) 2.8097561E+00
(-5.9122971E+00, -3.9222856E+00) (-2.2469044E-01, 3.8008315E-02) 2.7428571E+00
(-5.1433452E+00, -3.5793942E+00) (-1.8737081E-01, 3.1877452E-02) 2.6790698E+00
(-4.4416247E+00, -3.2363630E+00) (-1.5583590E-01, 2.6614202E-02) 2.6181818E+00
(-3.8088782E+00, -2.9002105E+00) (-1.2932899E-01, 2.2139912E-02) 2.5600000E+00
(-3.2447105E+00, -2.5770109E+00) (-1.0714559E-01, 1.8366887E-02) 2.5043478E+00
(-2.7468214E+00, -2.2718574E+00) (-8.8647364E-02, 1.5205847E-02) 2.4510638E+00
(-2.3116051E+00, -1.9882143E+00) (-7.3267694E-02, 1.2571067E-02) 2.4000000E+00
(-1.9344936E+00, -1.7283576E+00) (-6.0511603E-02, 1.0383543E-02) 2.3510204E+00
(-1.6103286E+00, -1.4934208E+00) (-4.9952082E-02, 8.5726258E-03) 2.3040000E+00
(-1.3337712E+00, -1.2834381E+00) (-4.1224418E-02, 7.0765546E-03) 2.2588235E+00
(-1.0994057E+00, -1.0977436E+00) (-3.4019589E-02, 5.8422608E-03) 2.2153846E+00
(-9.0205778E-01, -9.3508922E-01) (-2.8077437E-02, 4.8247431E-03) 2.1735849E+00
(-7.3687033E-01, -7.9375040E-01) (-2.3180076E-02, 3.9862207E-03) 2.1333333E+00
(-5.9931479E-01, -6.7193013E-01) (-1.9145784E-02, 3.2952110E-03) 2.0945455E+00
(-4.8539713E-01, -5.6755286E-01) (-1.5823512E-02, 2.7256240E-03) 2.0571429E+00
(-3.9150034E-01, -4.7863842E-01) (-1.3088047E-02, 2.2559228E-03) 2.0210526E+00
(-3.1444062E-01, -4.0331695E-01) (-1.0835819E-02, 1.8683765E-03) 1.9862069E+00
(-2.5150834E-01, -3.3974053E-01) (-8.9813074E-03, 1.5484121E-03) 1.9525424E+00
(-2.0034154E-01, -2.8624612E-01) (-7.4539936E-03, 1.2840640E-03) 1.9200000E+00
(-1.5890532E-01, -2.4136977E-01) (-6.1957902E-03, 1.0655106E-03) 1.8885246E+00
(-1.2549002E-01, -2.0380559E-01) (-5.1588897E-03, 8.8468999E-04) 1.8580645E+00
(-9.8670962E-02, -1.7238403E-01) (-4.3039696E-03, 7.3498247E-04) 1.8285714E+00
(-7.7240489E-02, -1.4610735E-01) (-3.5987008E-03, 6.1094936E-04) 1.8000000E+00
(-6.0187189E-02, -1.2412715E-01) (-3.0165121E-03, 5.0811922E-04) 1.7723077E+00
(-4.6669142E-02, -1.0572840E-01) (-2.5355691E-03, 4.2281294E-04) 1.7454545E+00
(-3.5997293E-02, -9.0307386E-02) (-2.1379312E-03, 3.5200074E-04) 1.7194030E+00
(-2.7614256E-02, -7.7349399E-02) (-1.8088576E-03, 2.9318550E-04) 1.6941176E+00
(-2.1061166E-02, -6.6429920E-02) (-1.5362358E-03, 2.4430733E-04) 1.6695652E+00
(-1.5963939E-02, -5.7199337E-02) (-1.3101120E-03, 2.0366556E-04) 1.6457143E+00
(-1.2020260E-02, -4.9369802E-02) (-1.1223048E-03, 1.6985503E-04) 1.6225352E+00
(-8.9866944E-03, -4.2704621E-02) (-9.6608854E-04, 1.4171376E-04) 1.6000000E+00
(-6.6681240E-03, -3.7009610E-02) (-8.3593261E-04, 1.1828020E-04) 1.5780822E+00
(-4.9079623E-03, -3.2126539E-02) (-7.2728800E-04, 9.8758042E-05) 1.5567568E+00
(-3.5825766E-03, -2.7924900E-02) (-6.3641188E-04, 8.2487436E-05) 1.5360000E+00
(-2.5947215E-03, -2.4296555E-02) (-5.6022368E-04, 6.8921206E-05) 1.5157895E+00
(-1.8666844E-03, -2.1153466E-02) (-4.9618695E-04, 5.7605353E-05) 1.4961039E+00
(-1.3369806E-03, -1.8423588E-02) (-4.4221245E-04, 4.8162965E-05) 1.4769231E+00
(-9.5742091E-04, -1.6047463E-02) (-3.9657850E-04, 4.0280954E-05) 1.4582278E+00
(-6.9046151E-04, -1.3975837E-02) (-3.5786572E-04, 3.3699112E-05) 1.4400000E+00
(-5.0705161E-04, -1.2167471E-02) (-3.2490332E-04, 2.8201069E-05) 1.4222222E+00
(-3.8471619E-04, -1.0587837E-02) (-2.9672504E-04, 2.3606822E-05) 1.4048780E+00
(-3.0627994E-04, -9.2076015E-03) (-2.7253299E-04, 1.9766552E-05) 1.3879518E+00
(-2.5879424E-04, -8.0016703E-03) (-2.5166787E-04, 1.6555511E-05) 1.3714286E+00
(-2.3227663E-04, -6.9485685E-03) (-2.3358453E-04, 1.3869775E-05) 1.3552941E+00
(-2.1963538E-04, -6.0295770E-03) (-2.1783188E-04, 1.1622738E-05) 1.3395349E+00
(-2.1553732E-04, -5.2284447E-03) (-2.0403634E-04, 9.7421977E-06) 1.3241379E+00
(-2.1600768E-04, -4.5309524E-03) (-1.9188828E-04, 8.1679323E-06) 1.3090909E+00
(-2.1849376E-04, -3.9244627E-03) (-1.8113079E-04, 6.8496982E-06) 1.2943820E+00
(-2.2126268E-04, -3.3978461E-03) (-1.7155049E-04, 5.7455599E-06) 1.2800000E+00
(-2.2316304E-04, -2.9412002E-03) (-1.6296996E-04, 4.8205042E-06) 1.2659341E+00
(-2.2349229E-04, -2.5457613E-03) (-1.5524147E-04, 4.0452879E-06) 1.2521739E+00
(-2.2204307E-04, -2.2037100E-03) (-1.4824186E-04, 3.3954786E-06) 1.2387097E+00
(-2.1880100E-04, -1.9081347E-03) (-1.4186826E-04, 2.8506570E-06) 1.2255319E+00
(-2.1385445E-04, -1.6529507E-03) (-1.3603463E-04, 2.3937523E-06) 1.2126316E+00
(-2.0734381E-04, -1.4328079E-03) (-1.3066887E-04, 2.0104889E-06) 1.2000000E+00
(-1.9947730E-04, -1.2430055E-03) (-1.2571040E-04, 1.6889250E-06) 1.1876289E+00
(-1.9056500E-04, -1.0793840E-03) (-1.2110827E-04, 1.4190684E-06) 1.1755102E+00
(-1.8090805E-04, -9.3831157E-04) (-1.1681944E-04, 1.1925557E-06) 1.1636364E+00
(-1.7077595E-04, -8.1663699E-04) (-1.1280753E-04, 1.0023850E-06) 1.1520000E+00
(-1.6039812E-04, -7.1162920E-04) (-1.0904165E-04, 8.4269260E-07) 1.1405941E+00
(-1.4996896E-04, -6.2093858E-04) (-1.0549550E-04, 7.0856682E-07) 1.1294118E+00
(-1.3964423E-04, -5.4254223E-04) (-1.0214663E-04, 5.9589227E-07) 1.1184466E+00
(-1.2954334E-04, -4.7470468E-04) (-9.8975777E-05, 5.0121993E-07) 1.1076923E+00
(-1.1976392E-04, -4.1593538E-04) (-9.5966366E-05, 4.2165859E-07) 1.0971429E+00
(-1.1038949E-04, -3.6495185E-04) (-9.3104075E-05, 3.5478401E-07) 1.0867925E+00
(-1.0147902E-04, -3.2065821E-04) (-9.0376473E-05, 2.9856304E-07) 1.0766355E+00
(-9.3069750E-05, -2.8211809E-04) (-8.7772719E-05, 2.5129016E-07) 1.0666667E+00
(-8.5181874E-05, -2.4853332E-04) (-8.5283318E-05, 2.1153435E-07) 1.0568807E+00
(-7.7821549E-05, -2.1922174E-04) (-8.2899916E-05, 1.7809465E-07) 1.0472727E+00
(-7.0984168E-05, -1.9360022E-04) (-8.0615121E-05, 1.4996296E-07) 1.0378378E+00
(-6.4657161E-05, -1.7117033E-04) (-7.8422366E-05, 1.2629290E-07) 1.0285714E+00
(-5.8822064E-05, -1.5150582E-04) (-7.6315786E-05, 1.0637372E-07) 1.0194690E+00
(-5.3456294E-05, -1.3424106E-04) (-7.4290120E-05, 8.9608450E-08) 1.0105263E+00
(-4.8534612E-05, -1.1906247E-04) (-7.2340621E-05, 7.5495579E-08) 1.0017391E+00
(-4.4030026E-05, -1.0569988E-04) (-7.0462994E-05, 6.3613719E-08) 9.9310345E-01
(-3.9914944E-05, -9.3921039E-05) (-6.8653328E-05, 5.3608736E-08) 9.8461538E-01
(-3.6161907E-05, -8.3525957E-05) (-6.6908050E-05, 4.5182961E-08) 9.7627119E-01
(-3.2743852E-05, -7.4342025E-05) (-6.5223885E-05, 3.8086145E-08) 9.6806723E-01
(-2.9634481E-05, -6.6218550E-05) (-6.3597814E-05, 3.2107865E-08) 9.6000000E-01
(-2.6809094E-05, -5.9025362E-05) (-6.2027048E-05, 2.7071159E-08) 9.5206612E-01
(-2.4244641E-05, -5.2650173E-05) (-6.0509000E-05, 2.2827177E-08) 9.4426230E-01
(-2.1918974E-05, -4.6994146E-05) (-5.9041266E-05, 1.9250698E-08) 9.3658537E-01
(-1.9811484E-05, -4.1971493E-05) (-5.7621599E-05, 1.6236359E-08) 9.2903226E-01
(-1.7903032E-05, -3.7507240E-05) (-5.6247900E-05, 1.3695495E-08) 9.2160000E-01
(-1.6175561E-05, -3.3536179E-05) (-5.4918201E-05, 1.1553479E-08) 9.1428571E-01
(-1.4612723E-05, -3.0000608E-05) (-5.3630650E-05, 9.7474904E-09) 9.0708661E-01
(-1.3199113E-05, -2.6850546E-05) (-5.2383506E-05, 8.2246411E-09) 9.0000000E-01
(-1.1920758E-05, -2.4041279E-05) (-5.1175124E-05, 6.9403968E-09) 8.9302326E-01
(-1.0764518E-05, -2.1533916E-05) (-5.0003950E-05, 5.8572529E-09) 8.8615385E-01
(-9.7182883E-06, -1.9293842E-05) (-4.8868515E-05, 4.9436205E-09) 8.7938931E-01
(-8.7713196E-06, -1.7290702E-05) (-4.7767422E-05, 4.1728899E-09) 8.7272727E-01
150.000000
(-2.8553462E+01, -1.6629710E+01) (-3.6912799E-01, 6.6199140E-02) 4.7912843E+00
(-2.8473812E+01, -1.6594502E+01) (-3.7604064E-01, 6.7248513E-02) 4.7925131E+00
(-2.8237019E+01, -1.6490020E+01) (-3.8295329E-01, 6.8297886E-02) 4.7912843E+00
(-2.7848486E+01, -1.6320447E+01) (-3.9233603E-01, 6.9873619E-02) 4.7875979E+00
(-2.7314221E+01, -1.6095562E+01) (-4.0510149E-01, 7.2058604E-02) 4.7814539E+00
(-2.6638261E+01, -1.5829758E+01) (-4.2155028E-01, 7.4889007E-02) 4.7728523E+00
(-2.5836481E+01, -1.5525624E+01) (-4.4190064E-01, 7.8396233E-02) 4.7617931E+00
(-2.4928998E+01, -1.5188096E+01) (-4.6636198E-01, 8.2612661E-02) 4.7482763E+00
(-2.3933400E+01, -1.4829552E+01) (-4.9514518E-01, 8.7571714E-02) 4.7323019E+00
(-2.2870893E+01, -1.4452425E+01) (-5.2845560E-01, 9.3306178E-02) 4.7138699E+00
(-2.1767164E+01, -1.4061691E+01) (-5.6647727E-01, 9.9845417E-02) 4.6929803E+00
(-2.0649246E+01, -1.3667006E+01) (-6.0934965E-01, 1.0721158E-01) 4.6696331E+00
(-1.9535435E+01, -1.3271858E+01) (-6.5713690E-01, 1.1541476E-01) 4.6438283E+00
(-1.8451892E+01, -1.2885542E+01) (-7.0978924E-01, 1.2444705E-01) 4.6155659E+00
(-1.7421713E+01, -1.2512261E+01) (-7.6709643E-01, 1.3427569E-01) 4.5848459E+00
(-1.6461993E+01, -1.2150116E+01) (-8.2863470E-01, 1.4483540E-01) 4.5516683E+00
(-1.5590925E+01, -1.1799425E+01) (-8.9370974E-01, 1.5602063E-01) 4.5160331E+00
(-1.4824821E+01, -1.1460168E+01) (-9.6130099E-01, 1.6767842E-01) 4.4779403E+00
(-1.4167796E+01, -1.1132430E+01) (-1.0300152E+00, 1.7960306E-01) 4.4373899E+00
(-1.3621227E+01, -1.0815120E+01) (-1.0980600E+00, 1.9153407E-01) 4.3943819E+00
(-1.3184194E+01, -1.0506525E+01) (-1.1632512E+00, 2.0315888E-01) 4.3489163E+00
(-1.2848480E+01, -1.0206790E+01) (-1.2230661E+00, 2.1412149E-01) 4.3009931E+00
(-1.2602441E+01, -9.9167166E+00) (-1.2747557E+00, 2.2403768E-01) 4.2506123E+00
(-1.2430197E+01, -9.6361176E+00) (-1.3155174E+00, 2.3251613E-01) 4.1977739E+00
(-1.2308106E+01, -9.3635076E+00) (-1.3427232E+00, 2.3918361E-01) 4.1424779E+00
(-1.2225638E+01, -9.0900193E+00) (-1.3541790E+00, 2.4371126E-01) 4.0847243E+00
(-1.2163464E+01, -8.8120105E+00) (-1.3483827E+00, 2.4583832E-01) 4.0245131E+00
(-1.2100056E+01, -8.5243512E+00) (-1.3247332E+00, 2.4539044E-01) 3.9618443E+00
(-1.2019614E+01, -8.2320973E+00) (-1.2836517E+00, 2.4229073E-01) 3.8967179E+00
(-1.1892567E+01, -7.9474600E+00) (-1.2265816E+00, 2.3656375E-01) 3.8291339E+00
(-1.1692179E+01, -7.6839009E+00) (-1.1558634E+00, 2.2833377E-01) 3.7590923E+00
(-1.1410683E+01, -7.4394749E+00) (-1.0745011E+00, 2.1781914E-01) 3.6865931E+00
(-1.1077353E+01, -7.1818542E+00) (-9.8586343E-01, 2.0532353E-01) 3.6116363E+00
(-1.0687631E+01, -6.9000654E+00) (-8.9337058E-01, 1.9122338E-01) 3.5342219E+00
(-1.0233239E+01, -6.5954400E+00) (-8.0021477E-01, 1.7595056E-01) 3.4543499E+00
(-9.7136423E+00, -6.2704618E+00) (-7.0915082E-01, 1.5996898E-01) 3.3720203E+00
(-9.1372507E+00, -5.9349513E+00) (-6.2237894E-01, 1.4374660E-01) 3.2872331E+00
(-8.5177123E+00, -5.5992043E+00) (-5.4143939E-01, 1.2772390E-01) 3.1999883E+00
(-7.8696390E+00, -5.2631271E+00) (-4.6728429E-01, 1.1228779E-01) 3.1135135E+00
(-7.2077943E+00, -4.9251631E+00) (-4.0048564E-01, 9.7752252E-02) 3.0315789E+00
(-6.5461779E+00, -4.5852371E+00) (-3.4119585E-01, 8.4343848E-02) 2.9538462E+00
(-5.8978191E+00, -4.2448473E+00) (-2.8918664E-01, 7.2200524E-02) 2.8800000E+00
(-5.2739088E+00, -3.9066751E+00) (-2.4402502E-01, 6.1380476E-02) 2.8097561E+00
(-4.6833955E+00, -3.5740160E+00) (-2.0514672E-01, 5.1875451E-02) 2.7428571E+00
(-4.1328935E+00, -3.2502768E+00) (-1.7192148E-01, 4.3626939E-02) 2.6790698E+00
(-3.6265649E+00, -2.9386832E+00) (-1.4370193E-01, 3.6542421E-02) 2.6181818E+00
(-3.1663836E+00, -2.6419760E+00) (-1.1985769E-01, 3.0509794E-02) 2.5600000E+00
(-2.7526396E+00, -2.3623591E+00) (-9.9797319E-02, 2.5408987E-02) 2.5043478E+00
(-2.3839887E+00, -2.1014803E+00) (-8.2980871E-02, 2.1120507E-02) 2.4510638E+00
(-2.0582145E+00, -1.8603117E+00) (-6.8925538E-02, 1.7531154E-02) 2.4000000E+00
(-1.7723502E+00, -1.6393068E+00) (-5.7206511E-02, 1.4537405E-02) 2.3510204E+00
(-1.5229565E+00, -1.4384026E+00) (-4.7454754E-02, 1.2047013E-02) 2.3040000E+00
(-1.3065732E+00, -1.2571416E+00) (-3.9352929E-02, 9.9793793E-03) 2.2588235E+00
(-1.1195915E+00, -1.0946969E+00) (-3.2630376E-02, 8.2651208E-03) 2.2153846E+00
(-9.5861931E-01, -9.5006306E-01) (-2.7057771E-02, 6.8451841E-03) 2.1735849E+00
(-8.2050457E-01, -8.2200868E-01) (-2.2441854E-02, 5.6697370E-03) 2.1333333E+00
(-7.0219475E-01, -7.0922925E-01) (-1.8620460E-02, 4.6969995E-03) 2.0945455E+00
(-6.0113914E-01, -6.1038336E-01) (-1.5457999E-02, 3.8921115E-03) 2.0571429E+00
(-5.1491871E-01, -5.2411074E-01) (-1.2841423E-02, 3.2260885E-03) 2.0210526E+00
(-4.4137131E-01, -4.4910941E-01) (-1.0676694E-02, 2.6748928E-03) 1.9862069E+00
(-3.7872530E-01, -3.8414086E-01) (-8.8857348E-03, 2.2186242E-03) 1.9525424E+00
(-3.2537990E-01, -3.2803237E-01) (-7.4038139E-03, 1.8408273E-03) 1.9200000E+00
(-2.7991286E-01, -2.7970651E-01) (-6.1773277E-03, 1.5279053E-03) 1.8885246E+00
(-2.4113164E-01, -2.3819368E-01) (-5.1619282E-03, 1.2686278E-03) 1.8580645E+00
(-2.0804951E-01, -2.0261540E-01) (-4.3209500E-03, 1.0537205E-03) 1.8285714E+00
(-1.7979805E-01, -1.7218183E-01) (-3.6240957E-03, 8.7552444E-04) 1.8000000E+00
(-1.5563257E-01, -1.4619383E-01) (-3.0463392E-03, 7.2771320E-04) 1.7723077E+00
(-1.3491690E-01, -1.2403722E-01) (-2.5670136E-03, 6.0506018E-04) 1.7454545E+00
(-1.1712064E-01, -1.0517628E-01) (-2.1690549E-03, 5.0324584E-04) 1.7194030E+00
(-1.0181025E-01, -8.9142720E-02) (-1.8383742E-03, 4.1869906E-04) 1.6941176E+00
(-8.8611098E-02, -7.5527151E-02) (-1.5633393E-03, 3.4846628E-04) 1.6695652E+00
(-7.7205347E-02, -6.3975486E-02) (-1.3343455E-03, 2.9010376E-04) 1.6457143E+00
(-6.7326103E-02, -5.4183091E-02) (-1.1434614E-03, 2.4158874E-04) 1.6225352E+00
(-5.8749520E-02, -4.5888443E-02) (-9.8413605E-04, 2.0124623E-04) 1.6000000E+00
(-5.1287603E-02, -3.8867169E-02) (-8.5095755E-04, 1.6768862E-04) 1.5780822E+00
(-4.4780739E-02, -3.2927183E-02) (-7.3945414E-04, 1.3976595E-04) 1.5567568E+00
(-3.9096539E-02, -2.7904541E-02) (-6.4592969E-04, 1.1652481E-04) 1.5360000E+00
(-3.4124828E-02, -2.3659129E-02) (-5.6732828E-04, 9.7174433E-05) 1.5157895E+00
(-2.9770737E-02, -2.0071184E-02) (-5.0112249E-04, 8.1058713E-05) 1.4961039E+00
(-2.5953369E-02, -1.7039045E-02) (-4.4522118E-04, 6.7633060E-05) 1.4769231E+00
(-2.2604160E-02, -1.4476509E-02) (-3.9789358E-04, 5.6445284E-05) 1.4582278E+00
(-1.9664687E-02, -1.2310625E-02) (-3.5770654E-04, 4.7119788E-05) 1.4400000E+00
(-1.7085152E-02, -1.0479623E-02) (-3.2347283E-04, 3.9344485E-05) 1.4222222E+00
(-1.4822432E-02, -8.9312617E-03) (-2.9420846E-04, 3.2859970E-05) 1.4048780E+00
(-1.2839317E-02, -7.6212983E-03) (-2.6909748E-04, 2.7450560E-05) 1.3879518E+00
(-1.1103528E-02, -6.5123941E-03) (-2.4746289E-04, 2.2936864E-05) 1.3714286E+00
(-9.5863158E-03, -5.5729552E-03) (-2.2874265E-04, 1.9169631E-05) 1.3552941E+00
(-8.2628434E-03, -4.7764589E-03) (-2.1246984E-04, 1.6024649E-05) 1.3395349E+00
(-7.1107411E-03, -4.1004700E-03) (-1.9825629E-04, 1.3398512E-05) 1.3241379E+00
(-6.1098093E-03, -3.5260398E-03) (-1.8577907E-04, 1.1205111E-05) 1.3090909E+00
(-5.2424278E-03, -3.0373317E-03) (-1.7476927E-04, 9.3727200E-06) 1.2943820E+00
(-4.4926759E-03, -2.6210187E-03) (-1.6500276E-04, 7.8415761E-06) 1.2800000E+00
(-3.8461356E-03, -2.2658156E-03) (-1.5629259E-04, 6.5618718E-06) 1.2659341E+00
(-3.2898046E-03, -1.9622037E-03) (-1.4848259E-04, 5.4920850E-06) 1.2521739E+00
(-2.8123027E-03, -1.7022746E-03) (-1.4144218E-04, 4.5975914E-06) 1.2387097E+00
(-2.4034051E-03, -1.4793673E-03) (-1.3506202E-04, 3.8495118E-06) 1.2255319E+00
(-2.0539131E-03, -1.2878628E-03) (-1.2925044E-04, 3.2237523E-06) 1.2126316E+00
(-1.7555896E-03, -1.1230054E-03) (-1.2393044E-04, 2.7002067E-06) 1.2000000E+00
(-1.5011805E-03, -9.8080010E-04) (-1.1903722E-04, 2.2620924E-06) 1.1876289E+00
(-1.2844762E-03, -8.5792008E-04) (-1.1451620E-04, 1.8953975E-06) 1.1755102E+00
(-1.1000584E-03, -7.5155683E-04) (-1.1032122E-04, 1.5884211E-06) 1.1636364E+00
(-9.4319987E-04, -6.5933419E-04) (-1.0641326E-04, 1.3313893E-06) 1.1520000E+00
(-8.0980145E-04, -5.7922948E-04) (-1.0275914E-04, 1.1161365E-06) 1.1405941E+00
(-6.9632287E-04, -5.0953445E-04) (-9.9330664E-05, 9.3583910E-07) 1.1294118E+00
(-5.9972225E-04, -4.4879256E-04) (-9.6103750E-05, 7.8479370E-07) 1.1184466E+00
(-5.1739443E-04, -3.9576042E-04) (-9.3057780E-05, 6.5823218E-07) 1.1076923E+00
(-4.4713608E-04, -3.4938286E-04) (-9.0175041E-05, 5.5216751E-07) 1.0971429E+00
(-3.8710400E-04, -3.0876650E-04) (-8.7440258E-05, 4.6326513E-07) 1.0867925E+00
(-3.3573816E-04, -2.7314744E-04) (-8.4840217E-05, 3.8873559E-07) 1.0766355E+00
(-2.9171922E-04, -2.4186920E-04) (-8.2363430E-05, 3.2624498E-07) 1.0666667E+00
(-2.5393203E-04, -2.1436914E-04) (-7.9999877E-05, 2.7384019E-07) 1.0568807E+00
(-2.2143606E-04, -1.9016191E-04) (-7.7740776E-05, 2.2988642E-07) 1.0472727E+00
(-1.9343860E-04, -1.6882840E-04) (-7.5578398E-05, 1.9301506E-07) 1.0378378E+00
(-1.6927090E-04, -1.5000665E-04) (-7.3505908E-05, 1.6208016E-07) 1.0285714E+00
(-1.4836874E-04, -1.3338383E-04) (-7.1517236E-05, 1.3612200E-07) 1.0194690E+00
(-1.3025585E-04, -1.1868840E-04) (-6.9606963E-05, 1.1433669E-07) 1.0105263E+00
(-1.1452987E-04, -1.0568471E-04) (-6.7770234E-05, 9.6050767E-08) 1.0017391E+00
(-1.0085056E-04, -9.4166939E-05) (-6.6002674E-05, 8.0699907E-08) 9.9310345E-01
(-8.8929508E-05, -8.3956291E-05) (-6.4300328E-05, 6.7811182E-08) 9.8461538E-01
(-7.8521419E-05, -7.4897137E-05) (-6.2659601E-05, 5.6988181E-08) 9.7627119E-01
(-6.9417563E-05, -6.6853581E-05) (-6.1077214E-05, 4.7898576E-08) 9.6806723E-01
(-6.1441119E-05, -5.9705127E-05) (-5.9550164E-05, 4.0263718E-08) 9.6000000E-01
(-5.4441555E-05, -5.3347472E-05) (-5.8075689E-05, 3.3849931E-08) 9.5206612E-01
(-4.8289593E-05, -4.7690264E-05) (-5.6651241E-05, 2.8461219E-08) 9.4426230E-01
(-4.2875056E-05, -4.2652544E-05) (-5.5274461E-05, 2.3933170E-08) 9.3658537E-01
(-3.8103186E-05, -3.8163549E-05) (-5.3943156E-05, 2.0127838E-08) 9.2903226E-01
(-3.3892231E-05, -3.4160784E-05) (-5.2655286E-05, 1.6929474E-08) 9.2160000E-01
(-3.0171729E-05, -3.0589911E-05) (-5.1408942E-05, 1.4240933E-08) 9.1428571E-01
(-2.6880609E-05, -2.7401792E-05) (-5.0202339E-05, 1.1980676E-08) 9.0708661E-01
(-2.3966117E-05, -2.4554292E-05) (-4.9033799E-05, 1.0080251E-08) 9.0000000E-01
(-2.1382108E-05, -2.2008719E-05) (-4.7901744E-05, 8.4821862E-09) 8.9302326E-01
(-1.9088593E-05, -1.9731778E-05) (-4.6804689E-05, 7.1382205E-09) 8.8615385E-01
(-1.7050386E-05, -1.7693517E-05) (-4.5741229E-05, 6.0078228E-09) 8.7938931E-01
(-1.5236859E-05, -1.5867459E-05) (-4.4710035E-05, 5.0569491E-09) 8.7272727E-01
175.000000
(-2.4545229E+01, -1.7596876E+01) (-3.6860829E-01, 7.5446888E-02) 4.7912843E+00
(-2.4466123E+01, -1.7563469E+01) (-3.7528293E-01, 7.6608161E-02) 4.7925131E+00
(-2.4230659E+01, -1.7464414E+01) (-3.8195756E-01, 7.7769435E-02) 4.7912843E+00
(-2.3843563E+01, -1.7303735E+01) (-3.9103145E-01, 7.9521296E-02) 4.7875979E+00
(-2.3310362E+01, -1.7090070E+01) (-4.0337302E-01, 8.1951288E-02) 4.7814539E+00
(-2.2635483E+01, -1.6835453E+01) (-4.1926156E-01, 8.5097303E-02) 4.7728523E+00
(-2.1833692E+01, -1.6543810E+01) (-4.3889460E-01, 8.8991905E-02) 4.7617931E+00
(-2.0923351E+01, -1.6221318E+01) (-4.6245776E-01, 9.3668284E-02) 4.7482763E+00
(-1.9920497E+01, -1.5879721E+01) (-4.9013409E-01, 9.9160174E-02) 4.7323019E+00
(-1.8845949E+01, -1.5521467E+01) (-5.2209681E-01, 1.0549989E-01) 4.7138699E+00
(-1.7728280E+01, -1.5149263E+01) (-5.5849374E-01, 1.1271520E-01) 4.6929803E+00
(-1.6598072E+01, -1.4769481E+01) (-5.9942473E-01, 1.2082506E-01) 4.6696331E+00
(-1.5477498E+01, -1.4386765E+01) (-6.4491227E-01, 1.2983431E-01) 4.6438283E+00
(-1.4394726E+01, -1.4006788E+01) (-6.9486505E-01, 1.3972720E-01) 4.6155659E+00
(-1.3374665E+01, -1.3632654E+01) (-7.4903480E-01, 1.5046005E-01) 4.5848459E+00
(-1.2436142E+01, -1.3264660E+01) (-8.0696780E-01, 1.6195311E-01) 4.5516683E+00
(-1.1597910E+01, -1.2903652E+01) (-8.6795400E-01, 1.7408252E-01) 4.5160331E+00
(-1.0876758E+01, -1.2550791E+01) (-9.3097889E-01, 1.8667307E-01) 4.4779403E+00
(-1.0279907E+01, -1.2203910E+01) (-9.9468554E-01, 1.9949308E-01) 4.4373899E+00
(-9.8089048E+00, -1.1860678E+01) (-1.0573570E+00, 2.1225293E-01) 4.3943819E+00
(-9.4611689E+00, -1.1519664E+01) (-1.1169307E+00, 2.2460869E-01) 4.3489163E+00
(-9.2299394E+00, -1.1181372E+01) (-1.1710564E+00, 2.3617212E-01) 4.3009931E+00
(-9.1017125E+00, -1.0848433E+01) (-1.2172063E+00, 2.4652738E-01) 4.2506123E+00
(-9.0589444E+00, -1.0521671E+01) (-1.2528393E+00, 2.5525400E-01) 4.1977739E+00
(-9.0786534E+00, -1.0198210E+01) (-1.2756104E+00, 2.6195390E-01) 4.1424779E+00
(-9.1473032E+00, -9.8711000E+00) (-1.2836046E+00, 2.6627949E-01) 4.0847243E+00
(-9.2446667E+00, -9.5355742E+00) (-1.2755620E+00, 2.6795936E-01) 4.0245131E+00
(-9.3477202E+00, -9.1885644E+00) (-1.2510564E+00, 2.6681834E-01) 3.9618443E+00
(-9.4361178E+00, -8.8344518E+00) (-1.2105895E+00, 2.6279009E-01) 3.8967179E+00
(-9.4774422E+00, -8.4876966E+00) (-1.1555775E+00, 2.5592211E-01) 3.8291339E+00
(-9.4469491E+00, -8.1570237E+00) (-1.0882278E+00, 2.4637394E-01) 3.7590923E+00
(-9.3360492E+00, -7.8394301E+00) (-1.0113231E+00, 2.3440989E-01) 3.6865931E+00
(-9.1636323E+00, -7.5131924E+00) (-9.2795150E-01, 2.2038692E-01) 3.6116363E+00
(-8.9265068E+00, -7.1691920E+00) (-8.4122765E-01, 2.0473733E-01) 3.5342219E+00
(-8.6197965E+00, -6.8083405E+00) (-7.5404737E-01, 1.8794581E-01) 3.4543499E+00
(-8.2441419E+00, -6.4345795E+00) (-6.6890434E-01, 1.7052107E-01) 3.3720203E+00
(-7.8090496E+00, -6.0550244E+00) (-5.8778947E-01, 1.5296422E-01) 3.2872331E+00
(-7.3282725E+00, -5.6757720E+00) (-5.1209441E-01, 1.3573574E-01) 3.1999883E+00
(-6.8142365E+00, -5.2985985E+00) (-4.4267989E-01, 1.1923018E-01) 3.1135135E+00
(-6.2796214E+00, -4.9248578E+00) (-3.8007189E-01, 1.0375905E-01) 3.0315789E+00
(-5.7369416E+00, -4.5564494E+00) (-3.2441637E-01, 8.9539438E-02) 2.9538462E+00
(-5.1982686E+00, -4.1955250E+00) (-2.7550913E-01, 7.6695785E-02) 2.8800000E+00
(-4.6742280E+00, -3.8443816E+00) (-2.3295911E-01, 6.5271541E-02) 2.8097561E+00
(-4.1735502E+00, -3.5052670E+00) (-1.9625383E-01, 5.5244263E-02) 2.7428571E+00
(-3.7029465E+00, -3.1802293E+00) (-1.6481847E-01, 4.6542868E-02) 2.6790698E+00
(-3.2669560E+00, -2.8710923E+00) (-1.3806037E-01, 3.9064283E-02) 2.6181818E+00
(-2.8681438E+00, -2.5793444E+00) (-1.1540036E-01, 3.2687832E-02) 2.5600000E+00
(-2.5075122E+00, -2.3061442E+00) (-9.6293194E-02, 2.7286576E-02) 2.5043478E+00
(-2.1845448E+00, -2.0522890E+00) (-8.0239473E-02, 2.2735496E-02) 2.4510638E+00
(-1.8978413E+00, -1.8181672E+00) (-6.6791208E-02, 1.8916868E-02) 2.4000000E+00
(-1.6452374E+00, -1.6038230E+00) (-5.5553005E-02, 1.5723351E-02) 2.3510204E+00
(-1.4240591E+00, -1.4089453E+00) (-4.6180349E-02, 1.3059389E-02) 2.3040000E+00
(-1.2315073E+00, -1.2329613E+00) (-3.8376118E-02, 1.0841435E-02) 2.2588235E+00
(-1.0645933E+00, -1.0750072E+00) (-3.1886175E-02, 8.9974421E-03) 2.2153846E+00
(-9.2044067E-01, -9.3410303E-01) (-2.6494602E-02, 7.4659284E-03) 2.1735849E+00
(-7.9633954E-01, -8.0908319E-01) (-2.2018943E-02, 6.1948451E-03) 2.1333333E+00
(-6.8964929E-01, -6.9871913E-01) (-1.8305701E-02, 5.1403968E-03) 2.0945455E+00
(-5.9812593E-01, -6.0176264E-01) (-1.5226204E-02, 4.2659018E-03) 2.0571429E+00
(-5.1964414E-01, -5.1694116E-01) (-1.2672904E-02, 3.5407424E-03) 2.0210526E+00
(-4.5230178E-01, -4.4303432E-01) (-1.0556121E-02, 2.9394271E-03) 1.9862069E+00
(-3.9452587E-01, -3.7887874E-01) (-8.8012173E-03, 2.4407723E-03) 1.9525424E+00
(-3.4490211E-01, -3.2336567E-01) (-7.3461680E-03, 2.0271974E-03) 1.9200000E+00
(-3.0218130E-01, -2.7547174E-01) (-6.1394933E-03, 1.6841256E-03) 1.8885246E+00
(-2.6531695E-01, -2.3427147E-01) (-5.1385055E-03, 1.3994783E-03) 1.8580645E+00
(-2.3344398E-01, -1.9892118E-01) (-4.3078337E-03, 1.1632504E-03) 1.8285714E+00
(-2.0580778E-01, -1.6865789E-01) (-3.6181858E-03, 9.6715607E-04) 1.8000000E+00
(-1.8176658E-01, -1.4280324E-01) (-3.0453137E-03, 8.0433409E-04) 1.7723077E+00
(-1.6077609E-01, -1.2075862E-01) (-2.5691504E-03, 6.6910227E-04) 1.7454545E+00
(-1.4238451E-01, -1.0199936E-01) (-2.1730917E-03, 5.5675457E-04) 1.7194030E+00
(-1.2622341E-01, -8.6064478E-02) (-1.8433999E-03, 4.6339263E-04) 1.6941176E+00
(-1.1197659E-01, -7.2549390E-02) (-1.5687093E-03, 3.8578654E-04) 1.6695652E+00
(-9.9377340E-02, -6.1103084E-02) (-1.3396159E-03, 3.2125954E-04) 1.6457143E+00
(-8.8202631E-02, -5.1422623E-02) (-1.1483378E-03, 2.6759271E-04) 1.6225352E+00
(-7.8265833E-02, -4.3247090E-02) (-9.8843489E-04, 2.2294618E-04) 1.6000000E+00
(-6.9410469E-02, -3.6351907E-02) (-8.5457621E-04, 1.8579390E-04) 1.5780822E+00
(-6.1503610E-02, -3.0544156E-02) (-7.4234786E-04, 1.5486977E-04) 1.5567568E+00
(-5.4434558E-02, -2.5658614E-02) (-6.4809441E-04, 1.2912306E-04) 1.5360000E+00
(-4.8110549E-02, -2.1553592E-02) (-5.6878763E-04, 1.0768149E-04) 1.5157895E+00
(-4.2451123E-02, -1.8107755E-02) (-5.0191808E-04, 8.9820721E-05) 1.4961039E+00
(-3.7386806E-02, -1.5217884E-02) (-4.4540553E-04, 7.4939100E-05) 1.4769231E+00
(-3.2857691E-02, -1.2796306E-02) (-3.9752490E-04, 6.2536716E-05) 1.4582278E+00
(-2.8811494E-02, -1.0768731E-02) (-3.5684503E-04, 5.2198087E-05) 1.4400000E+00
(-2.5202426E-02, -9.0721032E-03) (-3.2217811E-04, 4.3577803E-05) 1.4222222E+00
(-2.1989419E-02, -7.6531019E-03) (-2.9253785E-04, 3.6388622E-05) 1.4048780E+00
(-1.9135708E-02, -6.4665912E-03) (-2.6710488E-04, 3.0391617E-05) 1.3879518E+00
(-1.6608113E-02, -5.4744631E-03) (-2.4519811E-04, 2.5387991E-05) 1.3714286E+00
(-1.4375804E-02, -4.6445250E-03) (-2.2625112E-04, 2.1212295E-05) 1.3552941E+00
(-1.2410901E-02, -3.9499144E-03) (-2.0979251E-04, 1.7726795E-05) 1.3395349E+00
(-1.0687240E-02, -3.3680166E-03) (-1.9542973E-04, 1.4816806E-05) 1.3241379E+00
(-9.1802964E-03, -2.8798067E-03) (-1.8283565E-04, 1.2386806E-05) 1.3090909E+00
(-7.8677585E-03, -2.4695393E-03) (-1.7173741E-04, 1.0357215E-05) 1.2943820E+00
(-6.7287744E-03, -2.1240966E-03) (-1.6190728E-04, 8.6617229E-06) 1.2800000E+00
(-5.7438541E-03, -1.8324773E-03) (-1.5315494E-04, 7.2450575E-06) 1.2659341E+00
(-4.8949876E-03, -1.5855375E-03) (-1.4532124E-04, 6.0611406E-06) 1.2521739E+00
(-4.1659207E-03, -1.3758322E-03) (-1.3827292E-04, 5.0715485E-06) 1.2387097E+00
(-3.5417693E-03, -1.1972004E-03) (-1.3189823E-04, 4.2442338E-06) 1.2255319E+00
(-3.0089500E-03, -1.0445329E-03) (-1.2610338E-04, 3.5524608E-06) 1.2126316E+00
(-2.5551649E-03, -9.1357449E-04) (-1.2080950E-04, 2.9739208E-06) 1.2000000E+00
(-2.1694420E-03, -8.0082445E-04) (-1.1595020E-04, 2.4899949E-06) 1.1876289E+00
(-1.8422099E-03, -7.0344309E-04) (-1.1146943E-04, 2.0851408E-06) 1.1755102E+00
(-1.5650495E-03, -6.1908186E-04) (-1.0731985E-04, 1.7463813E-06) 1.1636364E+00
(-1.3305803E-03, -5.4579123E-04) (-1.0346133E-04, 1.4628792E-06) 1.1520000E+00
(-1.1323841E-03, -4.8193791E-04) (-9.9859826E-05, 1.2255824E-06) 1.1405941E+00
(-9.6490602E-04, -4.2616603E-04) (-9.6486337E-05, 1.0269286E-06) 1.1294118E+00
(-8.2337162E-04, -3.7733363E-04) (-9.3316124E-05, 8.6059857E-07) 1.1184466E+00
(-7.0369617E-04, -3.3447540E-04) (-9.0328007E-05, 7.2131122E-07) 1.1076923E+00
(-6.0241965E-04, -2.9678160E-04) (-8.7503799E-05, 6.0465201E-07) 1.0971429E+00
(-5.1663739E-04, -2.6357463E-04) (-8.4827831E-05, 5.0693016E-07) 1.0867925E+00
(-4.4389733E-04, -2.3427765E-04) (-8.2286556E-05, 4.2505945E-07) 1.0766355E+00
(-3.8213410E-04, -2.0839525E-04) (-7.9868213E-05, 3.5645873E-07) 1.0666667E+00
(-3.2960991E-04, -1.8550304E-04) (-7.7562558E-05, 2.9896889E-07) 1.0568807E+00
(-2.8486685E-04, -1.6523376E-04) (-7.5360627E-05, 2.5078355E-07) 1.0472727E+00
(-2.4668337E-04, -1.4726889E-04) (-7.3254543E-05, 2.1039120E-07) 1.0378378E+00
(-2.1403541E-04, -1.3133204E-04) (-7.1237357E-05, 1.7652684E-07) 1.0285714E+00
(-1.8606497E-04, -1.1718296E-04) (-6.9302907E-05, 1.4813163E-07) 1.0194690E+00
(-1.6205311E-04, -1.0461162E-04) (-6.7445708E-05, 1.2431912E-07) 1.0105263E+00
(-1.4139715E-04, -9.3434460E-05) (-6.5660854E-05, 1.0434710E-07) 1.0017391E+00
(-1.2359173E-04, -8.3489723E-05) (-6.3943937E-05, 8.7594007E-08) 9.9310345E-01
(-1.0821207E-04, -7.4635891E-05) (-6.2290981E-05, 7.3539255E-08) 9.8461538E-01
(-9.4900077E-05, -6.6748935E-05) (-6.0698380E-05, 6.1746758E-08) 9.7627119E-01
(-8.3353846E-05, -5.9719701E-05) (-5.9162855E-05, 5.1851160E-08) 9.6806723E-01
(-7.3320059E-05, -5.3450304E-05) (-5.7681407E-05, 4.3546324E-08) 9.6000000E-01
(-6.4584629E-05, -4.7855709E-05) (-5.6251288E-05, 3.6575689E-08) 9.5206612E-01
(-5.6965178E-05, -4.2862003E-05) (-5.4869966E-05, 3.0724221E-08) 9.4426230E-01
(-5.0308002E-05, -3.8402118E-05) (-5.3535101E-05, 2.5811659E-08) 9.3658537E-01
(-4.4482106E-05, -3.4417139E-05) (-5.2244526E-05, 2.1686876E-08) 9.2903226E-01
(-3.9375601E-05, -3.0854687E-05) (-5.0996225E-05, 1.8223150E-08) 9.2160000E-01
(-3.4892824E-05, -2.7669045E-05) (-4.9788317E-05, 1.5314213E-08) 9.1428571E-01
(-3.0951888E-05, -2.4818464E-05) (-4.8619045E-05, 1.2870935E-08) 9.0708661E-01
(-2.7482476E-05, -2.2267123E-05) (-4.7486761E-05, 1.0818549E-08) 9.0000000E-01
(-2.4423974E-05, -1.9981780E-05) (-4.6389918E-05, 9.0943349E-09) 8.9302326E-01
(-2.1724206E-05, -1.7933808E-05) (-4.5327060E-05, 7.6456643E-09) 8.8615385E-01
(-1.9337793E-05, -1.6097310E-05) (-4.4296811E-05, 6.4283767E-09) 8.7938931E-01
(-1.7225472E-05, -1.4449305E-05) (-4.3297875E-05, 5.4054101E-09) 8.7272727E-01
200.000000
(-2.0641826E+01, -1.8489510E+01) (-3.6449239E-01, 8.2883389E-02) 4.7912843E+00
(-2.0561730E+01, -1.8460119E+01) (-3.7091016E-01, 8.4125022E-02) 4.7925131E+00
(-2.0323264E+01, -1.8373053E+01) (-3.7732793E-01, 8.5366656E-02) 4.7912843E+00
(-1.9931300E+01, -1.8231760E+01) (-3.8605690E-01, 8.7247212E-02) 4.7875979E+00
(-1.9392418E+01, -1.8042338E+01) (-3.9792434E-01, 8.9856400E-02) 4.7814539E+00
(-1.8713233E+01, -1.7811991E+01) (-4.1319035E-01, 9.3232724E-02) 4.7728523E+00
(-1.7907996E+01, -1.7545538E+01) (-4.3203425E-01, 9.7408940E-02) 4.7617931E+00
(-1.6995310E+01, -1.7248811E+01) (-4.5462120E-01, 1.0241805E-01) 4.7482763E+00
(-1.5992715E+01, -1.6929185E+01) (-4.8111068E-01, 1.0829309E-01) 4.7323019E+00
(-1.4922138E+01, -1.6589857E+01) (-5.1164934E-01, 1.1506493E-01) 4.7138699E+00
(-1.3811951E+01, -1.6235163E+01) (-5.4635580E-01, 1.2275890E-01) 4.6929803E+00
(-1.2692476E+01, -1.5871357E+01) (-5.8529906E-01, 1.3139020E-01) 4.6696331E+00
(-1.1588213E+01, -1.5500598E+01) (-6.2847055E-01, 1.4095826E-01) 4.6438283E+00
(-1.0528016E+01, -1.5128614E+01) (-6.7574999E-01, 1.5143998E-01) 4.6155659E+00
(-9.5378761E+00, -1.4758261E+01) (-7.2686546E-01, 1.6278199E-01) 4.5848459E+00
(-8.6384607E+00, -1.4388734E+01) (-7.8134908E-01, 1.7489240E-01) 4.5516683E+00
(-7.8491396E+00, -1.4020463E+01) (-8.3849159E-01, 1.8763256E-01) 4.5160331E+00
(-7.1863402E+00, -1.3653936E+01) (-8.9730029E-01, 2.0080994E-01) 4.4779403E+00
(-6.6589574E+00, -1.3288165E+01) (-9.5646795E-01, 2.1417329E-01) 4.4373899E+00
(-6.2698064E+00, -1.2922093E+01) (-1.0143614E+00, 2.2741171E-01) 4.3943819E+00
(-6.0166786E+00, -1.2554898E+01) (-1.0690407E+00, 2.4015902E-01) 4.3489163E+00
(-5.8922569E+00, -1.2186050E+01) (-1.1183185E+00, 2.5200478E-01) 4.3009931E+00
(-5.8816111E+00, -1.1815754E+01) (-1.1598664E+00, 2.6251220E-01) 4.2506123E+00
(-5.9662829E+00, -1.1443123E+01) (-1.1913695E+00, 2.7124229E-01) 4.1977739E+00
(-6.1232247E+00, -1.1066161E+01) (-1.2107186E+00, 2.7778229E-01) 4.1424779E+00
(-6.3354813E+00, -1.0683445E+01) (-1.2162215E+00, 2.8177521E-01) 4.0847243E+00
(-6.5803572E+00, -1.0293567E+01) (-1.2068022E+00, 2.8294692E-01) 4.0245131E+00
(-6.8330681E+00, -9.8949020E+00) (-1.1821546E+00, 2.8112762E-01) 3.9618443E+00
(-7.0714593E+00, -9.4920129E+00) (-1.1428186E+00, 2.7626567E-01) 3.8967179E+00
(-7.2657045E+00, -9.0901007E+00) (-1.0901591E+00, 2.6843295E-01) 3.8291339E+00
(-7.3941496E+00, -8.6922077E+00) (-1.0262470E+00, 2.5782251E-01) 3.7590923E+00
(-7.4461918E+00, -8.2969778E+00) (-9.5366040E-01, 2.4473917E-01) 3.6865931E+00
(-7.4288004E+00, -7.8986293E+00) (-8.7524019E-01, 2.2958379E-01) 3.6116363E+00
(-7.3377656E+00, -7.4920320E+00) (-7.9383973E-01, 2.1283143E-01) 3.5342219E+00
(-7.1704274E+00, -7.0770691E+00) (-7.1210583E-01, 1.9500372E-01) 3.4543499E+00
(-6.9292283E+00, -6.6565927E+00) (-6.3231613E-01, 1.7663678E-01) 3.3720203E+00
(-6.6241228E+00, -6.2349065E+00) (-5.5629055E-01, 1.5824757E-01) 3.2872331E+00
(-6.2683145E+00, -5.8151460E+00) (-4.8530119E-01, 1.4030101E-01) 3.1999883E+00
(-5.8736070E+00, -5.3996178E+00) (-4.2013683E-01, 1.2318645E-01) 3.1135135E+00
(-5.4519756E+00, -4.9911596E+00) (-3.6128840E-01, 1.0720372E-01) 3.0315789E+00
(-5.0152028E+00, -4.5928760E+00) (-3.0889926E-01, 9.2554782E-02) 2.9538462E+00
(-4.5746850E+00, -4.2074621E+00) (-2.6278788E-01, 7.9348416E-02) 2.8800000E+00
(-4.1405255E+00, -3.8371719E+00) (-2.2260042E-01, 6.7613819E-02) 2.8097561E+00
(-3.7211635E+00, -3.4837938E+00) (-1.8786967E-01, 5.7316825E-02) 2.7428571E+00
(-3.3232821E+00, -3.1486920E+00) (-1.5806898E-01, 4.8377446E-02) 2.6790698E+00
(-2.9516549E+00, -2.8329282E+00) (-1.3265320E-01, 4.0686302E-02) 2.6181818E+00
(-2.6092923E+00, -2.5372605E+00) (-1.1108772E-01, 3.4118492E-02) 2.5600000E+00
(-2.2977606E+00, -2.2621964E+00) (-9.2867593E-02, 2.8544359E-02) 2.5043478E+00
(-2.0172328E+00, -2.0079545E+00) (-7.7528924E-02, 2.3837132E-02) 2.4510638E+00
(-1.7669902E+00, -1.7744793E+00) (-6.4654349E-02, 1.9877880E-02) 2.4000000E+00
(-1.5455474E+00, -1.5614575E+00) (-5.3874477E-02, 1.6558314E-02) 2.3510204E+00
(-1.3508866E+00, -1.3683085E+00) (-4.4866579E-02, 1.3782007E-02) 2.3040000E+00
(-1.1807707E+00, -1.1942736E+00) (-3.7351600E-02, 1.1464524E-02) 2.2588235E+00
(-1.0327498E+00, -1.0383548E+00) (-3.1090255E-02, 9.5328882E-03) 2.2153846E+00
(-9.0439682E-01, -8.9948416E-01) (-2.5878748E-02, 7.9246386E-03) 2.1735849E+00
(-7.9339044E-01, -7.7644817E-01) (-2.1544464E-02, 6.5867267E-03) 2.1333333E+00
(-6.9746516E-01, -6.6798295E-01) (-1.7941849E-02, 5.4743592E-03) 2.0945455E+00
(-6.1465274E-01, -5.7283084E-01) (-1.4948618E-02, 4.5498840E-03) 2.0571429E+00
(-5.4310379E-01, -4.8971529E-01) (-1.2462337E-02, 3.7817606E-03) 2.0210526E+00
(-4.8116565E-01, -4.1741570E-01) (-1.0397414E-02, 3.1436374E-03) 1.9862069E+00
(-4.2745613E-01, -3.5477699E-01) (-8.6824614E-03, 2.6135418E-03) 1.9525424E+00
(-3.8074555E-01, -3.0069998E-01) (-7.2580375E-03, 2.1731796E-03) 1.9200000E+00
(-3.3995936E-01, -2.5417056E-01) (-6.0747073E-03, 1.8073363E-03) 1.8885246E+00
(-3.0419923E-01, -2.1427142E-01) (-5.0913987E-03, 1.5033686E-03) 1.8580645E+00
(-2.7272368E-01, -1.8016653E-01) (-4.2740141E-03, 1.2507757E-03) 1.8285714E+00
(-2.4489480E-01, -1.5109857E-01) (-3.5942626E-03, 1.0408399E-03) 1.8000000E+00
(-2.2017632E-01, -1.2639325E-01) (-3.0286808E-03, 8.6632548E-04) 1.7723077E+00
(-1.9811845E-01, -1.0545455E-01) (-2.5578154E-03, 7.2122722E-04) 1.7454545E+00
(-1.7835077E-01, -8.7759167E-02) (-2.1655409E-03, 6.0056173E-04) 1.7194030E+00
(-1.6057286E-01, -7.2847065E-02) (-1.8384914E-03, 5.0019329E-04) 1.6941176E+00
(-1.4453040E-01, -6.0313929E-02) (-1.5655890E-03, 4.1668943E-04) 1.6695652E+00
(-1.3001125E-01, -4.9808662E-02) (-1.3376516E-03, 3.4720101E-04) 1.6457143E+00
(-1.1683949E-01, -4.1028004E-02) (-1.1470679E-03, 2.8936269E-04) 1.6225352E+00
(-1.0486872E-01, -3.3710542E-02) (-9.8752756E-04, 2.4121049E-04) 1.6000000E+00
(-9.3976615E-02, -2.7631169E-02) (-8.5379825E-04, 2.0111332E-04) 1.5780822E+00
(-8.4059241E-02, -2.2596399E-02) (-7.4154028E-04, 1.6771629E-04) 1.5567568E+00
(-7.5029382E-02, -1.8440559E-02) (-6.4715349E-04, 1.3989368E-04) 1.5360000E+00
(-6.6812977E-02, -1.5021705E-02) (-5.6765043E-04, 1.1671000E-04) 1.5157895E+00
(-5.9344797E-02, -1.2218498E-02) (-5.0055130E-04, 9.7387616E-05) 1.4961039E+00
(-5.2567142E-02, -9.9279024E-03) (-4.4379698E-04, 8.1280001E-05) 1.4769231E+00
(-4.6428615E-02, -8.0626955E-03) (-3.9567707E-04, 6.7849482E-05) 1.4582278E+00
(-4.0882508E-02, -6.5493022E-03) (-3.5477030E-04, 5.6648812E-05) 1.4400000E+00
(-3.5886080E-02, -5.3255778E-03) (-3.1989511E-04, 4.7305878E-05) 1.4222222E+00
(-3.1399064E-02, -4.3393913E-03) (-2.9006884E-04, 3.9511000E-05) 1.4048780E+00
(-2.7383591E-02, -3.5470551E-03) (-2.6447382E-04, 3.3006399E-05) 1.3879518E+00
(-2.3803796E-02, -2.9120758E-03) (-2.4242933E-04, 2.7577452E-05) 1.3714286E+00
(-2.0624880E-02, -2.4040243E-03) (-2.2336836E-04, 2.3045419E-05) 1.3552941E+00
(-1.7813839E-02, -1.9980642E-03) (-2.0681832E-04, 1.9261419E-05) 1.3395349E+00
(-1.5338619E-02, -1.6736970E-03) (-1.9238507E-04, 1.6101407E-05) 1.3241379E+00
(-1.3168268E-02, -1.4140378E-03) (-1.7973966E-04, 1.3462012E-05) 1.3090909E+00
(-1.1273646E-02, -1.2055867E-03) (-1.6860737E-04, 1.1257073E-05) 1.2943820E+00
(-9.6269003E-03, -1.0374734E-03) (-1.5875854E-04, 9.4147586E-06) 1.2800000E+00
(-8.2015154E-03, -9.0088978E-04) (-1.5000104E-04, 7.8751685E-06) 1.2659341E+00
(-6.9726179E-03, -7.8884550E-04) (-1.4217397E-04, 6.5883452E-06) 1.2521739E+00
(-5.9173056E-03, -6.9601405E-04) (-1.3514242E-04, 5.5126134E-06) 1.2387097E+00
(-5.0144039E-03, -6.1823985E-04) (-1.2879319E-04, 4.6132004E-06) 1.2255319E+00
(-4.2444692E-03, -5.5227831E-04) (-1.2303112E-04, 3.8610875E-06) 1.2126316E+00
(-3.5898220E-03, -4.9558479E-04) (-1.1777613E-04, 3.2320528E-06) 1.2000000E+00
(-3.0345912E-03, -4.4622845E-04) (-1.1296073E-04, 2.7058749E-06) 1.1876289E+00
(-2.5647781E-03, -4.0281395E-04) (-1.0852794E-04, 2.2656690E-06) 1.1755102E+00
(-2.1680275E-03, -3.6428890E-04) (-1.0442955E-04, 1.8973337E-06) 1.1636364E+00
(-1.8334958E-03, -3.2985419E-04) (-1.0062473E-04, 1.5890902E-06) 1.1520000E+00
(-1.5517487E-03, -2.9888788E-04) (-9.7078770E-05, 1.3310980E-06) 1.1405941E+00
(-1.3146217E-03, -2.7091756E-04) (-9.3762135E-05, 1.1151345E-06) 1.1294118E+00
(-1.1151023E-03, -2.4556678E-04) (-9.0649613E-05, 9.3432798E-07) 1.1184466E+00
(-9.4719994E-04, -2.2252883E-04) (-8.7719625E-05, 7.8293461E-07) 1.1076923E+00
(-8.0583732E-04, -2.0156040E-04) (-8.4953644E-05, 6.5615256E-07) 1.0971429E+00
(-6.8674232E-04, -1.8247035E-04) (-8.2335719E-05, 5.4996689E-07) 1.0867925E+00
(-5.8631543E-04, -1.6509486E-04) (-7.9852062E-05, 4.6102009E-07) 1.0766355E+00
(-5.0153259E-04, -1.4928768E-04) (-7.7490721E-05, 3.8650399E-07) 1.0666667E+00
(-4.2985714E-04, -1.3491881E-04) (-7.5241291E-05, 3.2406952E-07) 1.0568807E+00
(-3.6916765E-04, -1.2186858E-04) (-7.3094677E-05, 2.7175135E-07) 1.0472727E+00
(-3.1769264E-04, -1.1002626E-04) (-7.1042903E-05, 2.2790500E-07) 1.0378378E+00
(-2.7395268E-04, -9.9289745E-05) (-6.9078938E-05, 1.9115423E-07) 1.0285714E+00
(-2.3671335E-04, -8.9564744E-05) (-6.7196561E-05, 1.6034712E-07) 1.0194690E+00
(-2.0494458E-04, -8.0763465E-05) (-6.5390245E-05, 1.3451942E-07) 1.0105263E+00
(-1.7778687E-04, -7.2804678E-05) (-6.3655052E-05, 1.1286381E-07) 1.0017391E+00
(-1.5452282E-04, -6.5612297E-05) (-6.1986558E-05, 9.4704288E-08) 9.9310345E-01
(-1.3455253E-04, -5.9116559E-05) (-6.0380778E-05, 7.9474759E-08) 9.8461538E-01
(-1.1737298E-04, -5.3253634E-05) (-5.8834107E-05, 6.6701070E-08) 9.7627119E-01
(-1.0256251E-04, -4.7964841E-05) (-5.7343273E-05, 5.5986044E-08) 9.6806723E-01
(-8.9768918E-05, -4.3194713E-05) (-5.5905289E-05, 4.6996940E-08) 9.6000000E-01
(-7.8695939E-05, -3.8893993E-05) (-5.4517424E-05, 3.9454961E-08) 9.5206612E-01
(-6.9092687E-05, -3.5018999E-05) (-5.3177165E-05, 3.3126483E-08) 9.4426230E-01
(-6.0748871E-05, -3.1528110E-05) (-5.1882198E-05, 2.7815711E-08) 9.3658537E-01
(-5.3486365E-05, -2.8383926E-05) (-5.0630380E-05, 2.3358533E-08) 9.2903226E-01
(-4.7154021E-05, -2.5552305E-05) (-4.9419721E-05, 1.9617381E-08) 9.2160000E-01
(-4.1623282E-05, -2.3002956E-05) (-4.8248370E-05, 1.6476919E-08) 9.1428571E-01
(-3.6784949E-05, -2.0707292E-05) (-4.7114598E-05, 1.3840443E-08) 9.0708661E-01
(-3.2545632E-05, -1.8640634E-05) (-4.6016787E-05, 1.1626862E-08) 9.0000000E-01
(-2.8825617E-05, -1.6779316E-05) (-4.4953419E-05, 9.7681661E-09) 8.9302326E-01
(-2.5556590E-05, -1.5102828E-05) (-4.3923067E-05, 8.2073152E-09) 8.8615385E-01
(-2.2679662E-05, -1.3592261E-05) (-4.2924387E-05, 6.8964605E-09) 8.7938931E-01
(-2.0144139E-05, -1.2230652E-05) (-4.1956109E-05, 5.7954612E-09) 8.7272727E-01
225.000000
(-1.6807452E+01, -1.9351290E+01) (-3.5660814E-01, 8.8864709E-02) 4.7912843E+00
(-1.6726525E+01, -1.9326396E+01) (-3.6275144E-01, 9.0162339E-02) 4.7925131E+00
(-1.6485678E+01, -1.9252621E+01) (-3.6889475E-01, 9.1459968E-02) 4.7912843E+00
(-1.6090272E+01, -1.9132531E+01) (-3.7724559E-01, 9.3432204E-02) 4.7875979E+00
(-1.5548257E+01, -1.8969711E+01) (-3.8859296E-01, 9.6169207E-02) 4.7814539E+00
(-1.4868516E+01, -1.8767381E+01) (-4.0317990E-01, 9.9709348E-02) 4.7728523E+00
(-1.4065823E+01, -1.8530523E+01) (-4.2117016E-01, 1.0408494E-01) 4.7617931E+00
(-1.3159881E+01, -1.8263818E+01) (-4.4271180E-01, 1.0932818E-01) 4.7482763E+00
(-1.2170081E+01, -1.7970639E+01) (-4.6794515E-01, 1.1547080E-01) 4.7323019E+00
(-1.1119841E+01, -1.7653843E+01) (-4.9699584E-01, 1.2254172E-01) 4.7138699E+00
(-1.0036391E+01, -1.7318766E+01) (-5.2996025E-01, 1.3056344E-01) 4.6929803E+00
(-8.9483462E+00, -1.6971659E+01) (-5.6688499E-01, 1.3954729E-01) 4.6696331E+00
(-7.8809873E+00, -1.6613332E+01) (-6.0774059E-01, 1.4948755E-01) 4.6438283E+00
(-6.8627267E+00, -1.6249165E+01) (-6.5238961E-01, 1.6035446E-01) 4.6155659E+00
(-5.9198423E+00, -1.5881851E+01) (-7.0054967E-01, 1.7208638E-01) 4.5848459E+00
(-5.0744891E+00, -1.5510415E+01) (-7.5175303E-01, 1.8458139E-01) 4.5516683E+00
(-4.3467309E+00, -1.5135277E+01) (-8.0530550E-01, 1.9768910E-01) 4.5160331E+00
(-3.7524173E+00, -1.4756767E+01) (-8.6024957E-01, 2.1120362E-01) 4.4779403E+00
(-3.3011580E+00, -1.4374750E+01) (-9.1533814E-01, 2.2485909E-01) 4.4373899E+00
(-2.9968748E+00, -1.3988430E+01) (-9.6902749E-01, 2.3832913E-01) 4.3943819E+00
(-2.8382633E+00, -1.3596761E+01) (-1.0194986E+00, 2.5123194E-01) 4.3489163E+00
(-2.8172219E+00, -1.3199220E+01) (-1.0647161E+00, 2.6314203E-01) 4.3009931E+00
(-2.9184475E+00, -1.2794779E+01) (-1.1025290E+00, 2.7360903E-01) 4.2506123E+00
(-3.1234332E+00, -1.2381855E+01) (-1.1308155E+00, 2.8218284E-01) 4.1977739E+00
(-3.4089813E+00, -1.1959047E+01) (-1.1476592E+00, 2.8844317E-01) 4.1424779E+00
(-3.7548899E+00, -1.1527439E+01) (-1.1515412E+00, 2.9203018E-01) 4.0847243E+00
(-4.1359499E+00, -1.1087975E+01) (-1.1415190E+00, 2.9267284E-01) 4.0245131E+00
(-4.5261051E+00, -1.0640215E+01) (-1.1173610E+00, 2.9021144E-01) 3.9618443E+00
(-4.9026785E+00, -1.0187950E+01) (-1.0796111E+00, 2.8461203E-01) 3.8967179E+00
(-5.2387795E+00, -9.7297483E+00) (-1.0295640E+00, 2.7597180E-01) 3.8291339E+00
(-5.5149574E+00, -9.2654750E+00) (-9.6915324E-01, 2.6451530E-01) 3.7590923E+00
(-5.7183431E+00, -8.7957802E+00) (-9.0076868E-01, 2.5058260E-01) 3.6865931E+00
(-5.8470908E+00, -8.3271065E+00) (-8.2703345E-01, 2.3460989E-01) 3.6116363E+00
(-5.8952887E+00, -7.8586676E+00) (-7.5057737E-01, 2.1710346E-01) 3.5342219E+00
(-5.8610051E+00, -7.3898798E+00) (-6.7383874E-01, 1.9860847E-01) 3.4543499E+00
(-5.7476415E+00, -6.9219222E+00) (-5.9891736E-01, 1.7967442E-01) 3.3720203E+00
(-5.5649384E+00, -6.4567310E+00) (-5.2749459E-01, 1.6082106E-01) 3.2872331E+00
(-5.3252469E+00, -5.9954910E+00) (-4.6074764E-01, 1.4250668E-01) 3.1999883E+00
(-5.0402581E+00, -5.5405500E+00) (-3.9941004E-01, 1.2510734E-01) 3.1135135E+00
(-4.7219037E+00, -5.0955850E+00) (-3.4394725E-01, 1.0890614E-01) 3.0315789E+00
(-4.3817909E+00, -4.6645428E+00) (-2.9450371E-01, 9.4087783E-02) 2.9538462E+00
(-4.0310257E+00, -4.2506160E+00) (-2.5091980E-01, 8.0745599E-02) 2.8800000E+00
(-3.6794151E+00, -3.8561998E+00) (-2.1287526E-01, 6.8896410E-02) 2.8097561E+00
(-3.3351973E+00, -3.4829386E+00) (-1.7994289E-01, 5.8497170E-02) 2.7428571E+00
(-3.0050093E+00, -3.1318711E+00) (-1.5163825E-01, 4.9462259E-02) 2.6790698E+00
(-2.6937610E+00, -2.8036305E+00) (-1.2745771E-01, 4.1679284E-02) 2.6181818E+00
(-2.4047584E+00, -2.4985116E+00) (-1.0690559E-01, 3.5022209E-02) 2.5600000E+00
(-2.1399606E+00, -2.2165613E+00) (-8.9512220E-02, 2.9361410E-02) 2.5043478E+00
(-1.9000449E+00, -1.9575450E+00) (-7.4844860E-02, 2.4570754E-02) 2.4510638E+00
(-1.6848061E+00, -1.7210147E+00) (-6.2513124E-02, 2.0532150E-02) 2.4000000E+00
(-1.4932889E+00, -1.5063066E+00) (-5.2170623E-02, 1.7138092E-02) 2.3510204E+00
(-1.3240055E+00, -1.3125402E+00) (-4.3513993E-02, 1.4292750E-02) 2.3040000E+00
(-1.1751919E+00, -1.1387149E+00) (-3.6280320E-02, 1.1912058E-02) 2.2588235E+00
(-1.0448680E+00, -9.8363250E-01) (-3.0243666E-02, 9.9231675E-03) 2.2153846E+00
(-9.3101931E-01, -8.4606317E-01) (-2.5211193E-02, 8.2635532E-03) 2.1735849E+00
(-8.3169718E-01, -7.2467314E-01) (-2.1019234E-02, 6.8799451E-03) 2.1333333E+00
(-7.4500354E-01, -6.1809553E-01) (-1.7529509E-02, 5.7272189E-03) 2.0945455E+00
(-6.6926150E-01, -5.2500035E-01) (-1.4625622E-02, 4.7673222E-03) 2.0571429E+00
(-6.0291212E-01, -4.4405244E-01) (-1.2209895E-02, 3.9682778E-03) 2.0210526E+00
(-5.4456959E-01, -3.7398243E-01) (-1.0200556E-02, 3.3032874E-03) 1.9862069E+00
(-4.9306874E-01, -3.1360273E-01) (-8.5292914E-03, 2.7499394E-03) 1.9525424E+00
(-4.4738712E-01, -2.6178986E-01) (-7.1391168E-03, 2.2895221E-03) 1.9200000E+00
(-4.0664405E-01, -2.1751014E-01) (-5.9825632E-03, 1.9064318E-03) 1.8885246E+00
(-3.7010804E-01, -1.7983057E-01) (-5.0201269E-03, 1.5876695E-03) 1.8580645E+00
(-3.3717907E-01, -1.4790421E-01) (-4.2189596E-03, 1.3224132E-03) 1.8285714E+00
(-3.0734930E-01, -1.2096465E-01) (-3.5517633E-03, 1.1016585E-03) 1.8000000E+00
(-2.8019816E-01, -9.8329898E-02) (-2.9958633E-03, 9.1791582E-04) 1.7723077E+00
(-2.5537821E-01, -7.9397086E-02) (-2.5324308E-03, 7.6495729E-04) 1.7454545E+00
(-2.3260720E-01, -6.3636998E-02) (-2.1458344E-03, 6.3760487E-04) 1.7194030E+00
(-2.1165892E-01, -5.0585169E-02) (-1.8230981E-03, 5.3155375E-04) 1.6941176E+00
(-1.9234515E-01, -3.9833630E-02) (-1.5534514E-03, 4.4322518E-04) 1.6695652E+00
(-1.7451123E-01, -3.1028208E-02) (-1.3279537E-03, 3.6964382E-04) 1.6457143E+00
(-1.5803017E-01, -2.3863218E-02) (-1.1391828E-03, 3.0833589E-04) 1.6225352E+00
(-1.4279663E-01, -1.8075394E-02) (-9.8097681E-04, 2.5724436E-04) 1.6000000E+00
(-1.2872244E-01, -1.3438442E-02) (-8.4821854E-04, 2.1465853E-04) 1.5780822E+00
(-1.1573177E-01, -9.7582631E-03) (-7.3665803E-04, 1.7915548E-04) 1.5567568E+00
(-1.0375943E-01, -6.8692087E-03) (-6.4276452E-04, 1.4955150E-04) 1.5360000E+00
(-9.2748056E-02, -4.6300720E-03) (-5.6360400E-04, 1.2486166E-04) 1.5157895E+00
(-8.2645006E-02, -2.9208052E-03) (-4.9673760E-04, 1.0426631E-04) 1.4961039E+00
(-7.3401245E-02, -1.6401367E-03) (-4.4013743E-04, 8.7083185E-05) 1.4769231E+00
(-6.4970443E-02, -7.0309273E-04) (-3.9211668E-04, 7.2744262E-05) 1.4582278E+00
(-5.7307777E-02, -3.8780316E-05) (-3.5127174E-04, 6.0776558E-05) 1.4400000E+00
(-5.0369665E-02, 4.1185886E-04) (-3.1643419E-04, 5.0786130E-05) 1.4222222E+00
(-4.4112655E-02, 6.9753726E-04) (-2.8663098E-04, 4.2444805E-05) 1.4048780E+00
(-3.8493702E-02, 8.5820482E-04) (-2.6105134E-04, 3.5479142E-05) 1.3879518E+00
(-3.3470157E-02, 9.2637141E-04) (-2.3901944E-04, 2.9661259E-05) 1.3714286E+00
(-2.8999198E-02, 9.2836469E-04) (-2.1997159E-04, 2.4801200E-05) 1.3552941E+00
(-2.5038698E-02, 8.8470798E-04) (-2.0343738E-04, 2.0740597E-05) 1.3395349E+00
(-2.1546830E-02, 8.1158013E-04) (-1.8902399E-04, 1.7347385E-05) 1.3241379E+00
(-1.8482488E-02, 7.2158731E-04) (-1.7640318E-04, 1.4511418E-05) 1.3090909E+00
(-1.5806112E-02, 6.2393116E-04) (-1.6530048E-04, 1.2140808E-05) 1.2943820E+00
(-1.3479462E-02, 5.2531147E-04) (-1.5548618E-04, 1.0158885E-05) 1.2800000E+00
(-1.1465854E-02, 4.3055905E-04) (-1.4676789E-04, 8.5016684E-06) 1.2659341E+00
(-9.7306225E-03, 3.4286769E-04) (-1.3898430E-04, 7.1157526E-06) 1.2521739E+00
(-8.2415131E-03, 2.6394270E-04) (-1.3200005E-04, 5.9565530E-06) 1.2387097E+00
(-6.9685999E-03, 1.9458037E-04) (-1.2570143E-04, 4.9868425E-06) 1.2255319E+00
(-5.8843639E-03, 1.3494850E-04) (-1.1999274E-04, 4.1755313E-06) 1.2126316E+00
(-4.9637676E-03, 8.4802810E-05) (-1.1479343E-04, 3.4966512E-06) 1.2000000E+00
(-4.1842899E-03, 4.3554888E-05) (-1.1003552E-04, 2.9285079E-06) 1.1876289E+00
(-3.5259586E-03, 1.0323896E-05) (-1.0566157E-04, 2.4529748E-06) 1.1755102E+00
(-2.9711348E-03, -1.5853867E-05) (-1.0162299E-04, 2.0549035E-06) 1.1636364E+00
(-2.5043463E-03, -3.5947630E-05) (-9.7878563E-05, 1.7216330E-06) 1.1520000E+00
(-2.1121407E-03, -5.0873753E-05) (-9.4393269E-05, 1.4425791E-06) 1.1405941E+00
(-1.7828897E-03, -6.1489691E-05) (-9.1137287E-05, 1.2088928E-06) 1.1294118E+00
(-1.5066175E-03, -6.8560611E-05) (-8.8085155E-05, 1.0131745E-06) 1.1184466E+00
(-1.2748156E-03, -7.2753655E-05) (-8.5215083E-05, 8.4923550E-07) 1.1076923E+00
(-1.0802735E-03, -7.4655512E-05) (-8.2508364E-05, 7.1189960E-07) 1.0971429E+00
(-9.1691896E-04, -7.4781340E-05) (-7.9948896E-05, 5.9683640E-07) 1.0867925E+00
(-7.7964354E-04, -7.3562584E-05) (-7.7522769E-05, 5.0042277E-07) 1.0766355E+00
(-6.6416359E-04, -7.1352863E-05) (-7.5217926E-05, 4.1962690E-07) 1.0666667E+00
(-5.6689361E-04, -6.8440877E-05) (-7.3023882E-05, 3.5191143E-07) 1.0568807E+00
(-4.8484126E-04, -6.5056944E-05) (-7.0931482E-05, 2.9515254E-07) 1.0472727E+00
(-4.1551324E-04, -6.1382437E-05) (-6.8932700E-05, 2.4757235E-07) 1.0378378E+00
(-3.5683235E-04, -5.7558877E-05) (-6.7020474E-05, 2.0768233E-07) 1.0285714E+00
(-3.0706989E-04, -5.3694931E-05) (-6.5188561E-05, 1.7423609E-07) 1.0194690E+00
(-2.6478705E-04, -4.9871981E-05) (-6.3431422E-05, 1.4618986E-07) 1.0105263E+00
(-2.2878656E-04, -4.6149722E-05) (-6.1744116E-05, 1.2266943E-07) 1.0017391E+00
(-1.9807184E-04, -4.2569557E-05) (-6.0122223E-05, 1.0294252E-07) 9.9310345E-01
(-1.7181215E-04, -3.9159704E-05) (-5.8561768E-05, 8.6395681E-08) 9.8461538E-01
(-1.4931325E-04, -3.5938188E-05) (-5.7059162E-05, 7.2514943E-08) 9.7627119E-01
(-1.2999522E-04, -3.2914692E-05) (-5.5611150E-05, 6.0869632E-08) 9.6806723E-01
(-1.1337465E-04, -3.0091026E-05) (-5.4214769E-05, 5.1098835E-08) 9.6000000E-01
(-9.9046218E-05, -2.7466034E-05) (-5.2867311E-05, 4.2900066E-08) 9.5206612E-01
(-8.6668085E-05, -2.5036510E-05) (-5.1566292E-05, 3.6019779E-08) 9.4426230E-01
(-7.5954453E-05, -2.2794823E-05) (-5.0309425E-05, 3.0245430E-08) 9.3658537E-01
(-6.6664196E-05, -2.0732213E-05) (-4.9094595E-05, 2.5398825E-08) 9.2903226E-01
(-5.8593544E-05, -1.8838741E-05) (-4.7919843E-05, 2.1330555E-08) 9.2160000E-01
(-5.1569824E-05, -1.7104527E-05) (-4.6783349E-05, 1.7915333E-08) 9.1428571E-01
(-4.5446924E-05, -1.5518366E-05) (-4.5683414E-05, 1.5048090E-08) 9.0708661E-01
(-4.0100297E-05, -1.4070258E-05) (-4.4618450E-05, 1.2640702E-08) 9.0000000E-01
(-3.5424201E-05, -1.2749104E-05) (-4.3586970E-05, 1.0619250E-08) 8.9302326E-01
(-3.1328318E-05, -1.1545021E-05) (-4.2587577E-05, 8.9217278E-09) 8.8615385E-01
(-2.7735237E-05, -1.0448212E-05) (-4.1618955E-05, 7.4961129E-09) 8.7938931E-01
(-2.4578586E-05, -9.4495320E-06) (-4.0679865E-05, 6.2987576E-09) 8.7272727E-01
250.000000
(-1.3006683E+01, -2.0228231E+01) (-3.4523889E-01, 9.3725712E-02) 4.7912843E+00
(-1.2925995E+01, -2.0206755E+01) (-3.5109435E-01, 9.5060710E-02) 4.7925131E+00
(-1.2685796E+01, -2.0142853E+01) (-3.5694982E-01, 9.6395708E-02) 4.7912843E+00
(-1.2291454E+01, -2.0037961E+01) (-3.6489683E-01, 9.8431082E-02) 4.7875979E+00
(-1.1751815E+01, -1.9893997E+01) (-3.7568871E-01, 1.0125625E-01) 4.7814539E+00
(-1.1078171E+01, -1.9712757E+01) (-3.8955355E-01, 1.0490895E-01) 4.7728523E+00
(-1.0285376E+01, -1.9498193E+01) (-4.0664208E-01, 1.0942062E-01) 4.7617931E+00
(-9.3926635E+00, -1.9254564E+01) (-4.2708845E-01, 1.1482224E-01) 4.7482763E+00
(-8.4208091E+00, -1.8985306E+01) (-4.5101796E-01, 1.2114389E-01) 4.7323019E+00
(-7.3916825E+00, -1.8694032E+01) (-4.7854037E-01, 1.2841223E-01) 4.7138699E+00
(-6.3309310E+00, -1.8384665E+01) (-5.0973614E-01, 1.3664680E-01) 4.6929803E+00
(-5.2669461E+00, -1.8060771E+01) (-5.4463711E-01, 1.4585509E-01) 4.6696331E+00
(-4.2296380E+00, -1.7723854E+01) (-5.8320187E-01, 1.5602658E-01) 4.6438283E+00
(-3.2460566E+00, -1.7376246E+01) (-6.2528599E-01, 1.6712561E-01) 4.6155659E+00
(-2.3432288E+00, -1.7019066E+01) (-6.7060788E-01, 1.7908346E-01) 4.5848459E+00
(-1.5470709E+00, -1.6652115E+01) (-7.1871164E-01, 1.9178998E-01) 4.5516683E+00
(-8.7883366E-01, -1.6275568E+01) (-7.6892972E-01, 2.0508542E-01) 4.5160331E+00
(-3.5573314E-01, -1.5890475E+01) (-8.2034989E-01, 2.1875367E-01) 4.4779403E+00
(1.3670607E-02, -1.5495954E+01) (-8.7179256E-01, 2.3251794E-01) 4.4373899E+00
(2.2769926E-01, -1.5091342E+01) (-9.2180612E-01, 2.4604077E-01) 4.3943819E+00
(2.8929429E-01, -1.4676011E+01) (-9.6868897E-01, 2.5892955E-01) 4.3489163E+00
(2.0408287E-01, -1.4248567E+01) (-1.0105457E+00, 2.7074893E-01) 4.3009931E+00
(-1.5727179E-02, -1.3808071E+01) (-1.0453824E+00, 2.8104036E-01) 4.2506123E+00
(-3.5337787E-01, -1.3354196E+01) (-1.0712405E+00, 2.8934812E-01) 4.1977739E+00
(-7.8399867E-01, -1.2885632E+01) (-1.0863596E+00, 2.9524968E-01) 4.1424779E+00
(-1.2792098E+00, -1.2404016E+01) (-1.0893528E+00, 2.9838745E-01) 4.0847243E+00
(-1.8084242E+00, -1.1911423E+01) (-1.0793695E+00, 2.9849798E-01) 4.0245131E+00
(-2.3444251E+00, -1.1409243E+01) (-1.0562170E+00, 2.9543524E-01) 3.9618443E+00
(-2.8613847E+00, -1.0899182E+01) (-1.0204167E+00, 2.8918521E-01) 3.8967179E+00
(-3.3396094E+00, -1.0380703E+01) (-9.7317993E-01, 2.7987052E-01) 3.8291339E+00
(-3.7624002E+00, -9.8534842E+00) (-9.1630469E-01, 2.6774498E-01) 3.7590923E+00
(-4.1149984E+00, -9.3185931E+00) (-8.5200736E-01, 2.5317880E-01) 3.6865931E+00
(-4.3871236E+00, -8.7845052E+00) (-7.8271890E-01, 2.3663565E-01) 3.6116363E+00
(-4.5717434E+00, -8.2540991E+00) (-7.1087729E-01, 2.1864320E-01) 3.5342219E+00
(-4.6676273E+00, -7.7283057E+00) (-6.3874584E-01, 1.9975915E-01) 3.4543499E+00
(-4.6787183E+00, -7.2078425E+00) (-5.6827782E-01, 1.8053562E-01) 3.3720203E+00
(-4.6143305E+00, -6.6941239E+00) (-5.0104254E-01, 1.6148560E-01) 3.2872331E+00
(-4.4860976E+00, -6.1882351E+00) (-4.3814246E-01, 1.4305349E-01) 3.1999883E+00
(-4.3057655E+00, -5.6922634E+00) (-3.8026954E-01, 1.2559729E-01) 3.1135135E+00
(-4.0854382E+00, -5.2098316E+00) (-3.2787172E-01, 1.0938101E-01) 3.0315789E+00
(-3.8367738E+00, -4.7449676E+00) (-2.8109769E-01, 9.4571883E-02) 2.9538462E+00
(-3.5707912E+00, -4.3009413E+00) (-2.3980920E-01, 8.1248994E-02) 2.8800000E+00
(-3.2971616E+00, -3.8801821E+00) (-2.0371670E-01, 6.9418897E-02) 2.8097561E+00
(-3.0240275E+00, -3.4842954E+00) (-1.7242871E-01, 5.9032144E-02) 2.7428571E+00
(-2.7580228E+00, -3.1142036E+00) (-1.4549818E-01, 4.9999973E-02) 2.6790698E+00
(-2.5041756E+00, -2.7703431E+00) (-1.2245803E-01, 4.2209281E-02) 2.6181818E+00
(-2.2660199E+00, -2.4527495E+00) (-1.0284681E-01, 3.5534916E-02) 2.5600000E+00
(-2.0458156E+00, -2.1611642E+00) (-8.6225916E-02, 2.9849010E-02) 2.5043478E+00
(-1.8446278E+00, -1.8950079E+00) (-7.2190076E-02, 2.5027520E-02) 2.4510638E+00
(-1.6626591E+00, -1.6534938E+00) (-6.0372775E-02, 2.0954422E-02) 2.4000000E+00
(-1.4993887E+00, -1.4356238E+00) (-5.0448043E-02, 1.7524045E-02) 2.3510204E+00
(-1.3537793E+00, -1.2402043E+00) (-4.2129784E-02, 1.4642059E-02) 2.3040000E+00
(-1.2244913E+00, -1.0659555E+00) (-3.5169548E-02, 1.2225547E-02) 2.2588235E+00
(-1.1099776E+00, -9.1143229E-01) (-2.9353413E-02, 1.0202484E-02) 2.2153846E+00
(-1.0086233E+00, -7.7518831E-01) (-2.4498468E-02, 8.5108875E-03) 2.1735849E+00
(-9.1885589E-01, -6.5571454E-01) (-2.0449199E-02, 7.0978000E-03) 2.1333333E+00
(-8.3915025E-01, -5.5149109E-01) (-1.7073995E-02, 5.9182357E-03) 2.0945455E+00
(-7.6814829E-01, -4.6106916E-01) (-1.4261896E-02, 4.9341521E-03) 2.0571429E+00
(-7.0460512E-01, -3.8301679E-01) (-1.1919642E-02, 4.1134918E-03) 2.0210526E+00
(-6.4742590E-01, -3.1598368E-01) (-9.9690445E-03, 3.4293172E-03) 1.9862069E+00
(-5.9569350E-01, -2.5872155E-01) (-8.3446844E-03, 2.8590425E-03) 1.9525424E+00
(-5.4861720E-01, -2.1005881E-01) (-6.9919187E-03, 2.3837635E-03) 1.9200000E+00
(-5.0552900E-01, -1.6892152E-01) (-5.8651646E-03, 1.9876791E-03) 1.8885246E+00
(-4.6588206E-01, -1.3434446E-01) (-4.9264372E-03, 1.6575958E-03) 1.8580645E+00
(-4.2923492E-01, -1.0545767E-01) (-4.1441095E-03, 1.3825063E-03) 1.8285714E+00
(-3.9522229E-01, -8.1477231E-02) (-3.4918646E-03, 1.1532330E-03) 1.8000000E+00
(-3.6354874E-01, -6.1707649E-02) (-2.9478149E-03, 9.6212752E-04) 1.7723077E+00
(-3.3397599E-01, -4.5535484E-02) (-2.4937625E-03, 8.0281766E-04) 1.7454545E+00
(-3.0631516E-01, -3.2423251E-02) (-2.1145812E-03, 6.6999594E-04) 1.7194030E+00
(-2.8041843E-01, -2.1900898E-02) (-1.7976990E-03, 5.5924225E-04) 1.6941176E+00
(-2.5616556E-01, -1.3556510E-02) (-1.5326681E-03, 4.6687579E-04) 1.6695652E+00
(-2.3345956E-01, -7.0330617E-03) (-1.3108055E-03, 3.8983142E-04) 1.6457143E+00
(-2.1222128E-01, -2.0230870E-03) (-1.1248946E-03, 3.2555669E-04) 1.6225352E+00
(-1.9238440E-01, 1.7375282E-03) (-9.6893672E-04, 2.7192590E-04) 1.6000000E+00
(-1.7389193E-01, 4.4749507E-03) (-8.3794483E-04, 2.2716860E-04) 1.5780822E+00
(-1.5669243E-01, 6.3823023E-03) (-7.2777210E-04, 1.8981006E-04) 1.5567568E+00
(-1.4073863E-01, 7.6234314E-03) (-6.3496955E-04, 1.5862170E-04) 1.5360000E+00
(-1.2598542E-01, 8.3368626E-03) (-5.5666789E-04, 1.3257987E-04) 1.5157895E+00
(-1.1238788E-01, 8.6393420E-03) (-4.9047935E-04, 1.1083149E-04) 1.4961039E+00
(-9.9900576E-02, 8.6283153E-03) (-4.3441629E-04, 9.2665563E-05) 1.4769231E+00
(-8.8477079E-02, 8.3844494E-03) (-3.8682356E-04, 7.7489354E-05) 1.4582278E+00
(-7.8069284E-02, 7.9739098E-03) (-3.4632238E-04, 6.4808663E-05) 1.4400000E+00
(-6.8627630E-02, 7.4506080E-03) (-3.1176374E-04, 5.4211356E-05) 1.4222222E+00
(-6.0100438E-02, 6.8578440E-03) (-2.8218969E-04, 4.5353676E-05) 1.4048780E+00
(-5.2434559E-02, 6.2299009E-03) (-2.5680122E-04, 3.7948842E-05) 1.3879518E+00
(-4.5575766E-02, 5.5934098E-03) (-2.3493158E-04, 3.1757565E-05) 1.3714286E+00
(-3.9468597E-02, 4.9687819E-03) (-2.1602408E-04, 2.6580143E-05) 1.3552941E+00
(-3.4057381E-02, 4.3705312E-03) (-1.9961364E-04, 2.2249882E-05) 1.3395349E+00
(-2.9286306E-02, 3.8089154E-03) (-1.8531152E-04, 1.8627614E-05) 1.3241379E+00
(-2.5100118E-02, 3.2907343E-03) (-1.7279258E-04, 1.5597131E-05) 1.3090909E+00
(-2.1445082E-02, 2.8194742E-03) (-1.6178463E-04, 1.3061380E-05) 1.2943820E+00
(-1.8269070E-02, 2.3963534E-03) (-1.5205969E-04, 1.0939291E-05) 1.2800000E+00
(-1.5521991E-02, 2.0210156E-03) (-1.4342663E-04, 9.1631322E-06) 1.2659341E+00
(-1.3156403E-02, 1.6917579E-03) (-1.3572505E-04, 7.6763073E-06) 1.2521739E+00
(-1.1127984E-02, 1.4056806E-03) (-1.2882025E-04, 6.4315157E-06) 1.2387097E+00
(-9.3955976E-03, 1.1593383E-03) (-1.2259894E-04, 5.3892198E-06) 1.2255319E+00
(-7.9214418E-03, 9.4903258E-04) (-1.1696576E-04, 4.5163652E-06) 1.2126316E+00
(-6.6711505E-03, 7.7102660E-04) (-1.1184034E-04, 3.7853135E-06) 1.2000000E+00
(-5.6138139E-03, 6.2159608E-04) (-1.0715481E-04, 3.1729509E-06) 1.1876289E+00
(-4.7219676E-03, 4.9705136E-04) (-1.0285183E-04, 2.6599449E-06) 1.1755102E+00
(-3.9713682E-03, 3.9395273E-04) (-9.8882823E-05, 2.2301230E-06) 1.1636364E+00
(-3.3407725E-03, 3.0916733E-04) (-9.5206574E-05, 1.8699546E-06) 1.1520000E+00
(-2.8117297E-03, 2.3990317E-04) (-9.1788060E-05, 1.5681171E-06) 1.1405941E+00
(-2.3683107E-03, 1.8368665E-04) (-8.8597441E-05, 1.3151349E-06) 1.1294118E+00
(-1.9968662E-03, 1.3836928E-04) (-8.5609238E-05, 1.1030766E-06) 1.1184466E+00
(-1.6857692E-03, 1.0210697E-04) (-8.2801641E-05, 9.2530281E-07) 1.1076923E+00
(-1.4251724E-03, 7.3313536E-05) (-8.0155928E-05, 7.7625449E-07) 1.0971429E+00
(-1.2067818E-03, 5.0627075E-05) (-7.7655983E-05, 6.5127691E-07) 1.0867925E+00
(-1.0236281E-03, 3.2904259E-05) (-7.5287888E-05, 5.4647190E-07) 1.0766355E+00
(-8.6987497E-04, 1.9194986E-05) (-7.3039586E-05, 4.5857449E-07) 1.0666667E+00
(-7.4064446E-04, 8.7119454E-06) (-7.0900593E-05, 3.8484971E-07) 1.0568807E+00
(-6.3187095E-04, 8.0884874E-07) (-6.8861762E-05, 3.2300630E-07) 1.0472727E+00
(-5.4017151E-04, -5.0421826E-06) (-6.6915079E-05, 2.7112448E-07) 1.0378378E+00
(-4.6273199E-04, -9.2711812E-06) (-6.5053499E-05, 2.2759555E-07) 1.0285714E+00
(-3.9721421E-04, -1.2226753E-05) (-6.3270799E-05, 1.9107130E-07) 1.0194690E+00
(-3.4167499E-04, -1.4189950E-05) (-6.1561462E-05, 1.6042175E-07) 1.0105263E+00
(-2.9450006E-04, -1.5386548E-05) (-5.9920575E-05, 1.3469967E-07) 1.0017391E+00
(-2.5434776E-04, -1.5996214E-05) (-5.8343745E-05, 1.1311097E-07) 9.9310345E-01
(-2.2010180E-04, -1.6162304E-05) (-5.6827029E-05, 9.4989873E-08) 9.8461538E-01
(-1.9083123E-04, -1.5998913E-05) (-5.5366867E-05, 7.9778107E-08) 9.7627119E-01
(-1.6575993E-04, -1.5595873E-05) (-5.3960038E-05, 6.7007506E-08) 9.6806723E-01
(-1.4424149E-04, -1.5022054E-05) (-5.2603613E-05, 5.6285430E-08) 9.6000000E-01
(-1.2573506E-04, -1.4332512E-05) (-5.1294918E-05, 4.7282542E-08) 9.5206612E-01
(-1.0978571E-04, -1.3571272E-05) (-5.0031503E-05, 3.9722581E-08) 9.4426230E-01
(-9.6013484E-05, -1.2770332E-05) (-4.8811114E-05, 3.3373783E-08) 9.3658537E-01
(-8.4098569E-05, -1.1954289E-05) (-4.7631671E-05, 2.8041697E-08) 9.2903226E-01
(-7.3771346E-05, -1.1141361E-05) (-4.6491250E-05, 2.3563161E-08) 9.2160000E-01
(-6.4803944E-05, -1.0345387E-05) (-4.5388063E-05, 1.9801259E-08) 9.1428571E-01
(-5.7003810E-05, -9.5753612E-06) (-4.4320444E-05, 1.6641082E-08) 9.0708661E-01
(-5.0207250E-05, -8.8383257E-06) (-4.3286837E-05, 1.3986191E-08) 9.0000000E-01
(-4.4275584E-05, -8.1377649E-06) (-4.2285787E-05, 1.1755634E-08) 8.9302326E-01
(-3.9090655E-05, -7.4761211E-06) (-4.1315927E-05, 9.8814563E-09) 8.8615385E-01
(-3.4551511E-05, -6.8541469E-06) (-4.0375972E-05, 8.3066087E-09) 8.7938931E-01
(-3.0571823E-05, -6.2717291E-06) (-3.9464711E-05, 6.9831933E-09) 8.7272727E-01
